4052		
0	1080	0
76	1080	0
784	1080	0
869	1080	0
1067	1080	0
4	1084	0
43	1084	0
290	1084	0
558	1084	0
573	1084	0
575	1084	0
918	1084	0
5	1085	0
18	1085	0
35	1085	0
80	1085	0
106	1085	0
119	1085	0
158	1085	0
180	1085	0
189	1085	0
215	1085	0
227	1085	0
230	1085	0
255	1085	0
298	1085	0
332	1085	0
341	1085	0
382	1085	0
412	1085	0
497	1085	0
580	1085	0
584	1085	0
604	1085	0
610	1085	0
625	1085	0
806	1085	0
830	1085	0
839	1085	0
873	1085	0
874	1085	0
938	1085	0
945	1085	0
975	1085	0
7	1087	0
201	1087	0
217	1087	0
229	1087	0
315	1087	0
337	1087	0
376	1087	0
427	1087	0
629	1087	0
635	1087	0
706	1087	0
707	1087	0
1020	1087	0
8	1088	0
47	1088	0
53	1088	0
377	1088	0
517	1088	0
520	1088	0
1057	1088	0
1059	1088	0
12	1104	0
125	1104	0
436	1104	0
499	1104	0
528	1104	0
652	1104	0
12	1105	0
113	1106	0
241	1106	0
241	1106	0
113	1107	0
241	1107	0
241	1107	0
113	1108	0
241	1108	0
241	1108	0
113	1109	0
241	1109	0
241	1109	0
113	1110	0
241	1110	0
241	1110	0
113	1111	0
241	1111	0
241	1111	0
113	1112	0
241	1112	0
113	1113	0
241	1113	0
113	1114	0
241	1114	0
113	1115	0
241	1115	0
113	1116	0
241	1116	0
113	1117	0
241	1117	0
241	1117	0
113	1118	0
241	1118	0
241	1118	0
113	1119	0
241	1119	0
241	1119	0
113	1120	0
241	1120	0
113	1121	0
241	1121	0
113	1123	0
241	1123	0
15	1124	0
927	1124	0
15	1125	0
927	1125	0
16	1126	0
483	1126	0
1068	1126	0
17	1127	0
52	1127	0
77	1127	0
100	1127	0
136	1127	0
248	1127	0
349	1127	0
353	1127	0
356	1127	0
370	1127	0
446	1127	0
447	1127	0
533	1127	0
545	1127	0
630	1127	0
693	1127	0
735	1127	0
738	1127	0
18	1129	0
80	1129	0
106	1129	0
119	1129	0
132	1129	0
158	1129	0
177	1129	0
180	1129	0
189	1129	0
215	1129	0
227	1129	0
230	1129	0
255	1129	0
319	1129	0
332	1129	0
341	1129	0
412	1129	0
463	1129	0
497	1129	0
584	1129	0
604	1129	0
610	1129	0
613	1129	0
623	1129	0
625	1129	0
806	1129	0
830	1129	0
839	1129	0
873	1129	0
874	1129	0
938	1129	0
975	1129	0
241	1131	0
503	1133	0
806	1133	0
241	1134	0
241	1135	0
19	1136	0
113	1138	0
114	1138	0
21	1139	0
50	1139	0
257	1139	0
528	1139	0
611	1139	0
785	1139	0
942	1139	0
22	1140	0
22	1141	0
241	1142	0
393	1142	0
241	1143	0
393	1143	0
23	1144	0
23	1144	0
75	1144	0
295	1144	0
383	1144	0
393	1144	0
583	1144	0
728	1144	0
736	1144	0
768	1144	0
816	1144	0
820	1144	0
1003	1144	0
23	1145	0
279	1145	0
525	1145	0
1003	1145	0
23	1146	0
487	1146	0
583	1146	0
910	1146	0
1003	1146	0
23	1147	0
75	1147	0
295	1147	0
383	1147	0
393	1147	0
487	1147	0
768	1147	0
816	1147	0
820	1147	0
910	1147	0
1003	1147	0
23	1148	0
295	1148	0
768	1148	0
816	1148	0
820	1148	0
1003	1148	0
23	1149	0
295	1149	0
768	1149	0
816	1149	0
820	1149	0
1003	1149	0
23	1150	0
295	1150	0
1003	1150	0
23	1151	0
910	1151	0
1003	1151	0
23	1152	0
48	1152	0
64	1152	0
75	1152	0
455	1152	0
617	1152	0
657	1152	0
736	1152	0
804	1152	0
820	1152	0
910	1152	0
1003	1152	0
23	1153	0
1003	1153	0
23	1154	0
25	1154	0
75	1154	0
383	1154	0
390	1154	0
416	1154	0
487	1154	0
847	1154	0
1003	1154	0
1059	1154	0
23	1155	0
390	1155	0
1003	1155	0
23	1156	0
295	1156	0
1003	1156	0
23	1157	0
1003	1157	0
23	1158	0
1003	1158	0
241	1159	0
25	1160	0
25	1161	0
26	1162	0
74	1162	0
77	1162	0
97	1162	0
120	1162	0
179	1162	0
180	1162	0
198	1162	0
263	1162	0
301	1162	0
309	1162	0
446	1162	0
528	1162	0
533	1162	0
577	1162	0
587	1162	0
601	1162	0
604	1162	0
615	1162	0
630	1162	0
653	1162	0
1029	1162	0
26	1163	0
797	1163	0
26	1164	0
27	1165	0
568	1165	0
712	1165	0
793	1165	0
876	1165	0
856	1166	0
913	1166	0
30	1173	0
47	1173	0
53	1173	0
102	1173	0
109	1173	0
182	1173	0
184	1173	0
187	1173	0
193	1173	0
208	1173	0
240	1173	0
252	1173	0
269	1173	0
329	1173	0
373	1173	0
377	1173	0
415	1173	0
479	1173	0
500	1173	0
517	1173	0
542	1173	0
685	1173	0
721	1173	0
741	1173	0
750	1173	0
767	1173	0
775	1173	0
779	1173	0
883	1173	0
886	1173	0
896	1173	0
901	1173	0
934	1173	0
979	1173	0
1025	1173	0
1077	1173	0
241	1174	0
380	1174	0
380	1175	0
32	1176	0
947	1176	0
33	1177	0
173	1177	0
347	1177	0
598	1177	0
824	1177	0
34	1178	0
46	1178	0
99	1178	0
368	1178	0
431	1178	0
442	1178	0
696	1178	0
776	1178	0
241	1179	0
850	1179	0
106	1183	0
1007	1183	0
132	1186	0
37	1187	0
185	1187	0
197	1187	0
225	1187	0
489	1187	0
546	1187	0
602	1187	0
612	1187	0
616	1187	0
645	1187	0
783	1187	0
951	1187	0
37	1188	0
185	1188	0
197	1188	0
225	1188	0
489	1188	0
546	1188	0
602	1188	0
612	1188	0
616	1188	0
645	1188	0
783	1188	0
951	1188	0
37	1189	0
74	1189	0
140	1189	0
171	1189	0
172	1189	0
185	1189	0
197	1189	0
225	1189	0
318	1189	0
367	1189	0
484	1189	0
489	1189	0
504	1189	0
546	1189	0
602	1189	0
616	1189	0
627	1189	0
628	1189	0
641	1189	0
645	1189	0
783	1189	0
812	1189	0
951	1189	0
39	1190	0
41	1191	0
97	1191	0
301	1191	0
519	1191	0
41	1192	0
593	1192	0
306	1193	0
344	1193	0
449	1193	0
551	1193	0
593	1193	0
670	1193	0
671	1193	0
290	1194	0
100	1195	0
771	1195	0
814	1195	0
861	1195	0
93	1196	0
330	1196	0
397	1196	0
471	1196	0
506	1196	0
547	1196	0
582	1196	0
751	1196	0
753	1196	0
754	1196	0
46	1199	0
71	1199	0
137	1199	0
167	1199	0
246	1199	0
270	1199	0
323	1199	0
368	1199	0
421	1199	0
447	1199	0
588	1199	0
606	1199	0
633	1199	0
696	1199	0
1018	1199	0
46	1200	0
71	1200	0
143	1200	0
167	1200	0
193	1200	0
246	1200	0
270	1200	0
323	1200	0
368	1200	0
421	1200	0
447	1200	0
588	1200	0
606	1200	0
633	1200	0
696	1200	0
1018	1200	0
46	1201	0
71	1201	0
167	1201	0
246	1201	0
270	1201	0
323	1201	0
368	1201	0
421	1201	0
447	1201	0
606	1201	0
633	1201	0
1018	1201	0
49	1203	0
92	1203	0
204	1203	0
282	1203	0
294	1203	0
324	1203	0
327	1203	0
426	1203	0
441	1203	0
467	1203	0
541	1203	0
919	1203	0
1011	1203	0
51	1205	0
170	1205	0
285	1205	0
510	1205	0
555	1205	0
51	1206	0
51	1207	0
285	1207	0
555	1207	0
683	1207	0
51	1208	0
51	1209	0
51	1210	0
51	1211	0
52	1213	0
100	1213	0
447	1213	0
53	1214	0
102	1214	0
109	1214	0
182	1214	0
184	1214	0
187	1214	0
208	1214	0
240	1214	0
252	1214	0
269	1214	0
329	1214	0
373	1214	0
377	1214	0
415	1214	0
479	1214	0
500	1214	0
517	1214	0
542	1214	0
685	1214	0
721	1214	0
741	1214	0
750	1214	0
775	1214	0
883	1214	0
886	1214	0
896	1214	0
979	1214	0
1025	1214	0
1077	1214	0
53	1216	0
377	1216	0
831	1216	0
1059	1216	0
54	1217	0
80	1217	0
158	1217	0
177	1217	0
180	1217	0
189	1217	0
255	1217	0
341	1217	0
350	1217	0
412	1217	0
580	1217	0
584	1217	0
607	1217	0
613	1217	0
625	1217	0
855	1217	0
874	1217	0
132	1218	0
241	1218	0
793	1218	0
241	1219	0
132	1220	0
241	1220	0
132	1221	0
241	1221	0
132	1222	0
241	1224	0
241	1226	0
241	1229	0
241	1230	0
58	1231	0
58	1232	0
931	1236	0
62	1237	0
287	1237	0
518	1237	0
690	1237	0
884	1237	0
63	1238	0
63	1239	0
65	1240	0
67	1241	0
206	1241	0
311	1241	0
469	1241	0
731	1241	0
67	1242	0
67	1243	0
69	1244	0
137	1244	0
149	1244	0
157	1244	0
279	1244	0
503	1244	0
525	1244	0
543	1244	0
585	1244	0
787	1244	0
881	1244	0
69	1245	0
137	1245	0
145	1245	0
149	1245	0
157	1245	0
279	1245	0
301	1245	0
525	1245	0
543	1245	0
585	1245	0
881	1245	0
966	1245	0
69	1246	0
157	1246	0
447	1246	0
525	1246	0
543	1246	0
585	1246	0
587	1246	0
790	1246	0
69	1247	0
137	1247	0
145	1247	0
149	1247	0
157	1247	0
279	1247	0
301	1247	0
525	1247	0
543	1247	0
585	1247	0
881	1247	0
966	1247	0
69	1248	0
137	1248	0
145	1248	0
149	1248	0
157	1248	0
301	1248	0
525	1248	0
543	1248	0
585	1248	0
881	1248	0
966	1248	0
967	1248	0
71	1250	0
100	1250	0
447	1250	0
590	1250	0
742	1250	0
797	1250	0
808	1250	0
71	1252	0
143	1252	0
193	1252	0
323	1252	0
421	1252	0
447	1252	0
606	1252	0
633	1252	0
72	1253	0
164	1253	0
169	1253	0
698	1253	0
699	1253	0
700	1253	0
701	1253	0
702	1253	0
730	1253	0
748	1253	0
780	1253	0
842	1253	0
72	1254	0
164	1254	0
169	1254	0
698	1254	0
699	1254	0
700	1254	0
701	1254	0
730	1254	0
748	1254	0
780	1254	0
842	1254	0
72	1255	0
164	1255	0
700	1255	0
77	1257	0
106	1257	0
180	1257	0
77	1258	0
106	1258	0
180	1258	0
78	1259	0
148	1259	0
284	1259	0
328	1259	0
430	1259	0
503	1262	0
806	1262	0
503	1263	0
806	1263	0
503	1264	0
806	1264	0
503	1265	0
806	1265	0
503	1266	0
806	1266	0
503	1267	0
806	1267	0
85	1268	0
165	1268	0
170	1268	0
291	1268	0
578	1268	0
898	1268	0
996	1268	0
88	1271	0
89	1271	0
100	1271	0
292	1271	0
435	1271	0
507	1271	0
565	1271	0
623	1271	0
91	1273	0
161	1273	0
222	1273	0
254	1273	0
375	1273	0
509	1273	0
94	1275	0
214	1275	0
145	1276	0
157	1276	0
301	1276	0
966	1276	0
118	1277	0
157	1277	0
221	1277	0
543	1277	0
791	1277	0
97	1278	0
446	1278	0
97	1279	0
446	1279	0
97	1280	0
179	1280	0
263	1280	0
615	1280	0
97	1281	0
179	1281	0
263	1281	0
615	1281	0
98	1282	0
718	1282	0
100	1283	0
814	1283	0
861	1283	0
100	1284	0
371	1284	0
561	1284	0
100	1285	0
100	1286	0
100	1287	0
100	1288	0
447	1288	0
100	1289	0
241	1289	0
447	1289	0
100	1290	0
447	1290	0
100	1291	0
447	1291	0
100	1292	0
100	1293	0
447	1293	0
100	1294	0
447	1294	0
100	1295	0
447	1295	0
100	1296	0
447	1296	0
102	1297	0
1059	1297	0
822	1298	0
937	1298	0
1014	1298	0
1054	1298	0
1059	1298	0
1062	1298	0
1073	1298	0
104	1299	0
202	1299	0
271	1299	0
330	1299	0
649	1299	0
700	1299	0
752	1299	0
104	1300	0
202	1300	0
271	1300	0
330	1300	0
700	1300	0
752	1300	0
929	1301	0
1059	1301	0
1059	1302	0
106	1303	0
106	1304	0
585	1304	0
113	1307	0
109	1309	0
784	1309	0
109	1310	0
109	1311	0
109	1314	0
1059	1315	0
418	1316	0
121	1317	0
157	1317	0
264	1317	0
301	1317	0
447	1317	0
790	1317	0
818	1317	0
122	1318	0
125	1319	0
130	1321	0
848	1321	0
129	1326	0
595	1326	0
651	1326	0
131	1327	0
222	1327	0
137	1330	0
157	1330	0
301	1330	0
503	1330	0
639	1330	0
137	1331	0
157	1331	0
881	1331	0
137	1332	0
157	1332	0
137	1333	0
610	1333	0
139	1334	0
265	1334	0
139	1335	0
265	1335	0
139	1336	0
265	1336	0
139	1337	0
265	1337	0
142	1338	0
237	1338	0
361	1338	0
902	1338	0
145	1339	0
157	1339	0
301	1339	0
966	1339	0
145	1340	0
157	1340	0
301	1340	0
966	1340	0
145	1341	0
157	1341	0
301	1341	0
966	1341	0
147	1343	0
924	1343	0
929	1343	0
936	1343	0
1049	1343	0
1059	1343	0
147	1344	0
929	1344	0
936	1344	0
1059	1344	0
680	1345	0
864	1345	0
929	1345	0
961	1345	0
962	1345	0
1059	1345	0
680	1346	0
858	1346	0
860	1346	0
864	1346	0
929	1346	0
932	1346	0
961	1346	0
962	1346	0
1059	1346	0
680	1347	0
860	1347	0
932	1347	0
962	1347	0
1059	1347	0
1062	1347	0
680	1348	0
858	1348	0
860	1348	0
929	1348	0
1059	1348	0
680	1349	0
858	1349	0
860	1349	0
929	1349	0
932	1349	0
961	1349	0
1059	1349	0
147	1350	0
929	1350	0
932	1350	0
961	1350	0
962	1350	0
1059	1350	0
147	1351	0
680	1351	0
858	1351	0
864	1351	0
929	1351	0
961	1351	0
962	1351	0
1059	1351	0
148	1352	0
154	1353	0
156	1354	0
235	1356	0
595	1356	0
651	1356	0
157	1358	0
301	1358	0
400	1358	0
157	1359	0
301	1359	0
447	1359	0
790	1359	0
161	1360	0
375	1360	0
164	1363	0
164	1364	0
169	1364	0
167	1365	0
220	1365	0
246	1365	0
384	1365	0
695	1365	0
696	1365	0
508	1366	0
778	1366	0
966	1366	0
168	1367	0
796	1367	0
169	1368	0
202	1368	0
271	1368	0
330	1368	0
506	1368	0
700	1368	0
752	1368	0
169	1369	0
471	1369	0
698	1369	0
699	1369	0
729	1369	0
730	1369	0
748	1369	0
842	1369	0
170	1370	0
308	1372	0
366	1372	0
468	1372	0
498	1372	0
513	1372	0
174	1373	0
194	1373	0
232	1373	0
308	1373	0
382	1373	0
404	1373	0
468	1373	0
492	1373	0
498	1373	0
513	1373	0
591	1373	0
637	1373	0
661	1373	0
666	1373	0
799	1373	0
176	1376	0
312	1376	0
476	1376	0
870	1376	0
183	1379	0
183	1380	0
186	1382	0
966	1382	0
450	1384	0
193	1385	0
1059	1385	0
200	1388	0
803	1388	0
202	1390	0
748	1390	0
780	1390	0
203	1391	0
215	1395	0
224	1396	0
224	1397	0
228	1398	0
628	1398	0
718	1398	0
228	1399	0
628	1399	0
235	1400	0
235	1401	0
651	1401	0
235	1402	0
267	1402	0
544	1402	0
1022	1402	0
1030	1402	0
1032	1402	0
235	1403	0
238	1404	0
819	1404	0
238	1405	0
374	1405	0
239	1406	0
487	1406	0
243	1407	0
276	1410	0
520	1410	0
692	1410	0
1076	1413	0
246	1414	0
368	1414	0
447	1414	0
247	1415	0
291	1415	0
614	1415	0
898	1415	0
412	1420	0
519	1422	0
556	1422	0
261	1423	0
579	1423	0
265	1424	0
265	1425	0
265	1426	0
265	1427	0
265	1428	0
269	1429	0
269	1430	0
269	1432	0
270	1433	0
274	1434	0
274	1435	0
538	1435	0
655	1435	0
274	1436	0
538	1436	0
276	1439	0
520	1439	0
277	1440	0
277	1441	0
680	1442	0
1059	1442	0
680	1443	0
858	1443	0
860	1443	0
929	1443	0
932	1443	0
1059	1443	0
1059	1444	0
277	1445	0
801	1445	0
863	1445	0
929	1445	0
932	1445	0
1059	1445	0
1062	1445	0
280	1446	0
396	1446	0
400	1446	0
410	1446	0
458	1446	0
552	1446	0
577	1446	0
585	1446	0
738	1446	0
284	1447	0
284	1448	0
559	1448	0
284	1449	0
284	1450	0
559	1450	0
393	1453	0
291	1455	0
291	1456	0
514	1457	0
836	1459	0
305	1460	0
309	1462	0
860	1462	0
309	1463	0
309	1464	0
1059	1464	0
309	1465	0
1059	1465	0
314	1466	0
387	1466	0
526	1466	0
532	1466	0
314	1467	0
526	1467	0
532	1467	0
315	1468	0
323	1471	0
447	1471	0
606	1471	0
327	1472	0
377	1479	0
351	1480	0
355	1481	0
382	1481	0
447	1481	0
619	1481	0
622	1481	0
667	1481	0
766	1481	0
355	1482	0
447	1482	0
619	1482	0
667	1482	0
715	1482	0
766	1482	0
359	1483	0
699	1483	0
700	1483	0
780	1483	0
360	1484	0
530	1484	0
812	1484	0
1032	1484	0
360	1485	0
530	1485	0
442	1490	0
560	1490	0
571	1490	0
720	1490	0
371	1493	0
682	1493	0
371	1494	0
371	1495	0
371	1496	0
374	1497	0
374	1498	0
635	1498	0
374	1501	0
374	1502	0
520	1502	0
635	1502	0
374	1505	0
374	1506	0
374	1507	0
374	1508	0
374	1509	0
374	1510	0
374	1511	0
374	1512	0
374	1513	0
374	1514	0
374	1515	0
374	1516	0
374	1517	0
374	1518	0
377	1520	0
644	1521	0
779	1522	0
383	1523	0
387	1525	0
387	1527	0
389	1528	0
389	1529	0
391	1530	0
391	1531	0
769	1533	0
395	1534	0
396	1535	0
406	1537	0
411	1542	0
454	1542	0
412	1543	0
736	1543	0
934	1543	0
412	1544	0
412	1545	0
698	1545	0
431	1549	0
696	1549	0
431	1550	0
431	1551	0
542	1552	0
979	1552	0
434	1553	0
442	1556	0
445	1558	0
447	1559	0
633	1559	0
447	1560	0
447	1561	0
447	1562	0
447	1563	0
447	1564	0
447	1565	0
451	1567	0
456	1570	0
697	1570	0
460	1571	0
678	1571	0
486	1572	0
572	1572	0
486	1573	0
496	1577	0
502	1579	0
532	1579	0
512	1581	0
618	1581	0
518	1584	0
519	1585	0
519	1587	0
519	1588	0
749	1588	0
520	1590	0
822	1590	0
594	1595	0
527	1599	0
858	1599	0
531	1600	0
531	1601	0
1035	1601	0
531	1602	0
532	1604	0
535	1605	0
537	1606	0
537	1607	0
537	1608	0
537	1608	0
1037	1610	0
544	1615	0
544	1616	0
723	1616	0
556	1618	0
558	1619	0
677	1619	0
802	1619	0
838	1619	0
852	1619	0
925	1619	0
562	1620	0
562	1621	0
562	1622	0
566	1623	0
570	1625	0
574	1627	0
586	1627	0
923	1627	0
1053	1628	0
1059	1628	0
576	1629	0
579	1630	0
579	1631	0
586	1633	0
586	1634	0
601	1635	0
601	1638	0
601	1639	0
603	1640	0
603	1641	0
609	1643	0
618	1644	0
620	1645	0
1049	1646	0
775	1647	0
626	1648	0
635	1651	0
648	1655	0
653	1656	0
669	1658	0
863	1659	0
932	1659	0
962	1659	0
1059	1659	0
929	1660	0
1059	1660	0
932	1661	0
962	1661	0
1059	1661	0
673	1662	0
1059	1662	0
673	1663	0
1059	1664	0
1059	1665	0
674	1666	0
937	1667	0
1059	1667	0
1062	1667	0
682	1668	0
691	1671	0
694	1672	0
698	1673	0
698	1674	0
701	1675	0
752	1675	0
732	1681	0
733	1682	0
747	1684	0
1013	1685	0
755	1686	0
755	1687	0
771	1690	0
814	1690	0
861	1690	0
921	1690	0
771	1691	0
814	1691	0
861	1691	0
771	1692	0
814	1692	0
861	1692	0
1077	1692	0
774	1694	0
774	1695	0
775	1696	0
778	1697	0
794	1700	0
814	1703	0
861	1703	0
817	1704	0
863	1704	0
935	1704	0
824	1706	0
827	1707	0
862	1713	0
959	1713	0
1066	1713	0
1067	1713	0
858	1714	0
932	1714	0
961	1714	0
962	1714	0
1059	1714	0
858	1715	0
1059	1715	0
863	1716	0
1059	1716	0
863	1717	0
863	1718	0
1059	1718	0
899	1720	0
909	1722	0
920	1725	0
1034	1725	0
1059	1725	0
1062	1725	0
920	1726	0
1059	1726	0
1062	1726	0
927	1728	0
929	1729	0
932	1729	0
961	1729	0
962	1729	0
1059	1729	0
932	1730	0
961	1730	0
932	1731	0
962	1731	0
1059	1731	0
953	1733	0
1047	1733	0
1059	1733	0
958	1736	0
1050	1736	0
1058	1736	0
1059	1736	0
958	1737	0
1050	1737	0
1058	1737	0
966	1738	0
966	1739	0
966	1740	0
966	1741	0
966	1742	0
966	1743	0
970	1745	0
970	1746	0
997	1748	0
1000	1749	0
1009	1750	0
1016	1753	0
1032	1756	0
1045	1759	0
1057	1761	0
1057	1762	0
1057	1763	0
1057	1764	0
1057	1765	0
1057	1766	0
1057	1767	0
1059	1768	0
1059	1769	0
1059	1770	0
1059	1771	0
1059	1772	0
1059	1773	0
1059	1774	0
1059	1775	0
1059	1776	0
1059	1777	0
1059	1778	0
1059	1779	0
1059	1780	0
1059	1781	0
1059	1782	0
1059	1783	0
1059	1784	0
1059	1785	0
1059	1786	0
1059	1787	0
1059	1788	0
1059	1789	0
1059	1790	0
1059	1791	0
1059	1792	0
1059	1793	0
1059	1794	0
1059	1795	0
1059	1796	0
1059	1797	0
1059	1798	0
1059	1799	0
1059	1800	0
1059	1801	0
1059	1802	0
1059	1803	0
1059	1804	0
1059	1805	0
1059	1806	0
1059	1807	0
1059	1808	0
1059	1809	0
1059	1810	0
1059	1811	0
1059	1812	0
1059	1812	0
1059	1813	0
1059	1814	0
1074	1814	0
1059	1815	0
1059	1816	0
1059	1817	0
1061	1819	0
1061	1820	0
1061	1821	0
1061	1822	0
1062	1823	0
1067	1825	0
1067	1826	0
1067	1827	0
1074	1828	0
1076	1829	0
592	1080	4
772	1083	4
301	1085	4
188	1088	4
660	1103	4
13	1122	4
45	1122	4
438	1122	4
610	1123	4
301	1127	4
443	1128	4
712	1129	4
760	1135	4
493	1171	4
30	1172	4
939	1179	4
658	1180	4
251	1181	4
443	1181	4
478	1181	4
658	1181	4
251	1183	4
443	1183	4
658	1184	4
43	1194	4
43	1195	4
341	1218	4
210	1219	4
332	1219	4
404	1219	4
823	1219	4
939	1219	4
210	1222	4
658	1224	4
658	1225	4
262	1226	4
341	1226	4
262	1227	4
341	1227	4
262	1228	4
664	1228	4
129	1233	4
634	1235	4
746	1250	4
231	1268	4
89	1272	4
109	1312	4
425	1316	4
969	1320	4
127	1321	4
127	1322	4
127	1323	4
127	1324	4
275	1359	4
368	1366	4
588	1366	4
174	1372	4
245	1376	4
186	1381	4
333	1383	4
190	1384	4
837	1386	4
567	1392	4
214	1393	4
250	1398	4
245	1410	4
245	1411	4
245	1412	4
245	1413	4
250	1416	4
250	1417	4
250	1418	4
250	1419	4
250	1420	4
529	1420	4
256	1421	4
274	1437	4
274	1438	4
279	1446	4
525	1446	4
286	1451	4
286	1452	4
290	1454	4
317	1469	4
335	1476	4
348	1478	4
902	1478	4
363	1488	4
363	1489	4
368	1490	4
588	1490	4
411	1541	4
727	1543	4
425	1548	4
525	1569	4
533	1571	4
576	1571	4
486	1574	4
501	1578	4
514	1582	4
589	1590	4
601	1590	4
940	1594	4
525	1597	4
601	1636	4
601	1637	4
727	1678	4
727	1679	4
727	1680	4
892	1683	4
748	1685	4
892	1708	4
831	1709	4
969	1712	4
1044	1758	4
1	1081	1
1	1082	1
3	1083	1
1055	1086	1
9	1089	1
60	1089	1
82	1089	1
107	1089	1
146	1089	1
234	1089	1
261	1089	1
313	1089	1
364	1089	1
407	1089	1
437	1089	1
516	1089	1
540	1089	1
599	1089	1
676	1089	1
716	1089	1
726	1089	1
893	1089	1
933	1089	1
10	1090	1
561	1090	1
10	1091	1
11	1092	1
12	1093	1
948	1093	1
12	1094	1
948	1094	1
12	1095	1
948	1095	1
12	1096	1
153	1096	1
666	1096	1
12	1097	1
948	1097	1
12	1098	1
12	1099	1
948	1099	1
12	1100	1
12	1101	1
24	1101	1
12	1102	1
12	1103	1
71	1106	1
84	1106	1
439	1106	1
970	1106	1
974	1106	1
150	1107	1
160	1107	1
970	1107	1
974	1107	1
150	1108	1
160	1108	1
970	1108	1
974	1108	1
970	1109	1
150	1110	1
970	1110	1
970	1111	1
970	1112	1
970	1113	1
160	1114	1
970	1114	1
970	1115	1
970	1116	1
970	1117	1
160	1118	1
970	1118	1
974	1118	1
970	1119	1
970	1120	1
970	1121	1
150	1122	1
636	1122	1
40	1123	1
130	1123	1
218	1123	1
402	1123	1
412	1123	1
412	1123	1
465	1123	1
478	1123	1
494	1123	1
550	1123	1
632	1123	1
687	1123	1
711	1123	1
713	1123	1
848	1123	1
907	1123	1
18	1128	1
87	1128	1
112	1128	1
177	1128	1
212	1128	1
215	1128	1
326	1128	1
400	1128	1
413	1128	1
440	1128	1
646	1128	1
660	1128	1
839	1128	1
966	1128	1
999	1128	1
1007	1128	1
42	1129	1
56	1130	1
68	1130	1
262	1130	1
298	1130	1
319	1130	1
331	1130	1
638	1130	1
811	1130	1
18	1131	1
87	1131	1
106	1131	1
132	1131	1
215	1131	1
394	1131	1
400	1131	1
405	1131	1
413	1131	1
440	1131	1
830	1131	1
999	1131	1
1029	1131	1
18	1132	1
87	1132	1
106	1132	1
112	1132	1
215	1132	1
326	1132	1
400	1132	1
413	1132	1
440	1132	1
24	1134	1
564	1134	1
878	1134	1
24	1135	1
153	1135	1
382	1135	1
564	1135	1
661	1135	1
40	1138	1
130	1138	1
174	1138	1
388	1138	1
402	1138	1
412	1138	1
419	1138	1
422	1138	1
465	1138	1
478	1138	1
494	1138	1
550	1138	1
632	1138	1
681	1138	1
687	1138	1
711	1138	1
713	1138	1
714	1138	1
724	1138	1
795	1138	1
815	1138	1
848	1138	1
907	1138	1
963	1138	1
964	1138	1
1000	1138	1
1071	1138	1
289	1142	1
503	1142	1
289	1143	1
843	1143	1
24	1159	1
153	1159	1
522	1159	1
564	1159	1
659	1159	1
1026	1162	1
30	1167	1
181	1167	1
219	1167	1
379	1167	1
30	1168	1
181	1168	1
219	1168	1
379	1168	1
809	1168	1
30	1169	1
96	1169	1
181	1169	1
219	1169	1
717	1169	1
30	1170	1
96	1170	1
181	1170	1
219	1170	1
379	1170	1
717	1170	1
30	1171	1
181	1171	1
219	1171	1
379	1171	1
809	1171	1
96	1172	1
181	1172	1
219	1172	1
717	1172	1
31	1174	1
130	1174	1
174	1174	1
253	1174	1
272	1174	1
319	1174	1
338	1174	1
402	1174	1
412	1174	1
464	1174	1
480	1174	1
638	1174	1
672	1174	1
713	1174	1
811	1174	1
848	1174	1
868	1174	1
876	1174	1
880	1174	1
888	1174	1
985	1174	1
1036	1174	1
31	1175	1
130	1175	1
253	1175	1
319	1175	1
402	1175	1
464	1175	1
638	1175	1
713	1175	1
848	1175	1
868	1175	1
985	1175	1
1036	1175	1
679	1179	1
825	1179	1
871	1179	1
36	1180	1
56	1180	1
68	1180	1
101	1180	1
105	1180	1
262	1180	1
303	1180	1
319	1180	1
331	1180	1
453	1180	1
474	1180	1
475	1180	1
505	1180	1
638	1180	1
811	1180	1
36	1181	1
56	1181	1
68	1181	1
101	1181	1
105	1181	1
262	1181	1
303	1181	1
319	1181	1
331	1181	1
453	1181	1
474	1181	1
475	1181	1
505	1181	1
638	1181	1
36	1182	1
101	1182	1
303	1182	1
319	1182	1
474	1182	1
475	1182	1
36	1183	1
55	1183	1
56	1183	1
68	1183	1
101	1183	1
199	1183	1
262	1183	1
298	1183	1
303	1183	1
319	1183	1
331	1183	1
474	1183	1
638	1183	1
664	1183	1
807	1183	1
811	1183	1
821	1183	1
829	1183	1
829	1183	1
867	1183	1
939	1183	1
954	1183	1
973	1183	1
973	1183	1
36	1184	1
36	1185	1
56	1185	1
68	1185	1
105	1185	1
331	1185	1
638	1185	1
36	1186	1
811	1186	1
50	1204	1
223	1204	1
488	1204	1
535	1204	1
538	1204	1
596	1204	1
655	1204	1
717	1204	1
919	1204	1
1079	1204	1
53	1215	1
154	1215	1
344	1215	1
377	1215	1
449	1215	1
481	1215	1
517	1215	1
551	1215	1
600	1215	1
671	1215	1
717	1215	1
56	1218	1
68	1218	1
113	1218	1
155	1218	1
262	1218	1
319	1218	1
331	1218	1
382	1218	1
450	1218	1
497	1218	1
536	1218	1
638	1218	1
662	1218	1
664	1218	1
821	1218	1
829	1218	1
829	1218	1
973	1218	1
973	1218	1
56	1219	1
68	1219	1
262	1219	1
319	1219	1
331	1219	1
341	1219	1
638	1219	1
954	1219	1
1005	1219	1
56	1220	1
56	1220	1
68	1220	1
319	1220	1
331	1220	1
380	1220	1
382	1220	1
497	1220	1
497	1220	1
638	1220	1
662	1220	1
664	1220	1
821	1220	1
56	1221	1
56	1221	1
68	1221	1
319	1221	1
331	1221	1
380	1221	1
497	1221	1
497	1221	1
638	1221	1
662	1221	1
664	1221	1
821	1221	1
56	1222	1
68	1222	1
155	1222	1
262	1222	1
331	1222	1
497	1222	1
638	1222	1
662	1222	1
664	1222	1
821	1222	1
829	1222	1
829	1222	1
1007	1222	1
56	1223	1
68	1223	1
155	1223	1
262	1223	1
331	1223	1
497	1223	1
662	1223	1
664	1223	1
807	1223	1
821	1223	1
661	1224	1
68	1226	1
105	1226	1
130	1226	1
155	1226	1
174	1226	1
195	1226	1
253	1226	1
283	1226	1
319	1226	1
320	1226	1
331	1226	1
412	1226	1
464	1226	1
464	1226	1
480	1226	1
521	1226	1
638	1226	1
713	1226	1
811	1226	1
848	1226	1
868	1226	1
877	1226	1
880	1226	1
985	1226	1
993	1226	1
1036	1226	1
68	1227	1
84	1227	1
130	1227	1
195	1227	1
253	1227	1
319	1227	1
319	1227	1
320	1227	1
331	1227	1
346	1227	1
480	1227	1
638	1227	1
713	1227	1
848	1227	1
868	1227	1
877	1227	1
985	1227	1
1036	1227	1
68	1228	1
130	1228	1
195	1228	1
253	1228	1
320	1228	1
331	1228	1
346	1228	1
464	1228	1
638	1228	1
679	1228	1
713	1228	1
848	1228	1
868	1228	1
877	1228	1
985	1228	1
1036	1228	1
564	1229	1
61	1233	1
86	1233	1
95	1233	1
192	1233	1
268	1233	1
297	1233	1
309	1233	1
392	1233	1
428	1233	1
433	1233	1
477	1233	1
488	1233	1
634	1233	1
710	1233	1
723	1233	1
740	1233	1
781	1233	1
782	1233	1
837	1233	1
853	1233	1
956	1233	1
1043	1233	1
61	1234	1
61	1235	1
192	1235	1
309	1235	1
781	1235	1
837	1235	1
129	1236	1
278	1236	1
281	1236	1
313	1236	1
477	1236	1
723	1236	1
879	1236	1
1072	1236	1
70	1249	1
825	1249	1
289	1256	1
81	1260	1
296	1260	1
444	1260	1
82	1261	1
86	1270	1
95	1270	1
157	1270	1
261	1270	1
268	1270	1
334	1270	1
392	1270	1
477	1270	1
719	1270	1
723	1270	1
740	1270	1
895	1270	1
972	1270	1
1043	1270	1
444	1272	1
452	1272	1
567	1272	1
977	1272	1
986	1276	1
106	1301	1
106	1302	1
825	1305	1
106	1306	1
215	1306	1
1029	1306	1
130	1307	1
422	1307	1
465	1307	1
478	1307	1
494	1307	1
550	1307	1
687	1307	1
713	1307	1
795	1307	1
848	1307	1
928	1307	1
108	1308	1
342	1308	1
429	1308	1
758	1308	1
452	1312	1
567	1312	1
109	1313	1
288	1313	1
535	1313	1
665	1313	1
717	1313	1
1079	1313	1
834	1320	1
331	1325	1
825	1328	1
136	1329	1
145	1329	1
207	1329	1
558	1329	1
574	1329	1
944	1329	1
1064	1329	1
313	1342	1
832	1359	1
175	1374	1
213	1374	1
175	1375	1
213	1375	1
181	1378	1
196	1386	1
196	1387	1
215	1394	1
717	1431	1
1019	1431	1
289	1453	1
320	1470	1
993	1470	1
339	1477	1
954	1533	1
772	1547	1
439	1554	1
439	1555	1
443	1557	1
661	1557	1
857	1557	1
448	1566	1
553	1566	1
452	1568	1
461	1568	1
977	1568	1
859	1575	1
957	1575	1
859	1576	1
957	1576	1
515	1583	1
1069	1583	1
940	1594	1
1002	1594	1
1075	1594	1
524	1596	1
567	1624	1
639	1652	1
784	1657	1
684	1669	1
769	1689	1
891	1689	1
971	1689	1
805	1702	1
968	1702	1
828	1708	1
832	1711	1
834	1712	1
882	1719	1
900	1721	1
911	1723	1
968	1744	1
1028	1755	1
2	1082	2
872	1082	2
1043	1082	2
423	1083	2
945	1085	2
6	1086	2
73	1086	2
310	1086	2
378	1086	2
424	1086	2
481	1086	2
529	1086	2
708	1086	2
915	1086	2
1004	1088	2
157	1089	2
398	1089	2
656	1089	2
1043	1089	2
215	1093	2
409	1093	2
450	1093	2
624	1093	2
709	1093	2
215	1094	2
409	1094	2
450	1094	2
624	1094	2
709	1094	2
215	1095	2
194	1096	2
215	1096	2
249	1096	2
299	1096	2
343	1096	2
345	1096	2
386	1096	2
637	1096	2
659	1096	2
703	1096	2
704	1096	2
705	1096	2
215	1097	2
450	1097	2
569	1097	2
613	1097	2
660	1097	2
112	1101	2
569	1101	2
215	1103	2
569	1103	2
511	1104	2
230	1106	2
642	1106	2
1038	1106	2
1056	1106	2
1038	1107	2
1056	1107	2
1038	1108	2
1056	1108	2
1038	1109	2
1056	1109	2
642	1110	2
1038	1110	2
1056	1110	2
1038	1111	2
1056	1111	2
1038	1112	2
1056	1112	2
1038	1113	2
1056	1113	2
1038	1114	2
1056	1114	2
1038	1115	2
1056	1115	2
1038	1116	2
1056	1116	2
1038	1117	2
1056	1117	2
642	1118	2
1038	1118	2
1056	1118	2
1038	1119	2
1056	1119	2
1038	1120	2
1056	1120	2
1038	1121	2
1056	1121	2
14	1123	2
20	1123	2
66	1123	2
114	1123	2
133	1123	2
198	1123	2
227	1123	2
251	1123	2
266	1123	2
273	1123	2
422	1123	2
587	1123	2
601	1123	2
630	1123	2
640	1123	2
647	1123	2
650	1123	2
688	1123	2
689	1123	2
711	1123	2
743	1123	2
795	1123	2
798	1123	2
844	1123	2
908	1123	2
1017	1123	2
420	1127	2
405	1128	2
849	1128	2
1029	1128	2
18	1130	2
35	1130	2
55	1130	2
113	1130	2
128	1130	2
132	1130	2
152	1130	2
166	1130	2
180	1130	2
227	1130	2
230	1130	2
341	1130	2
346	1130	2
382	1130	2
604	1130	2
658	1130	2
664	1130	2
679	1130	2
722	1130	2
830	1130	2
833	1130	2
844	1130	2
859	1130	2
1012	1130	2
1070	1130	2
646	1131	2
849	1131	2
405	1132	2
849	1132	2
999	1132	2
18	1133	2
112	1133	2
144	1133	2
215	1133	2
300	1133	2
439	1133	2
450	1133	2
472	1133	2
536	1133	2
623	1133	2
624	1133	2
18	1134	2
55	1134	2
77	1134	2
106	1134	2
111	1134	2
113	1134	2
116	1134	2
128	1134	2
134	1134	2
138	1134	2
141	1134	2
159	1134	2
166	1134	2
180	1134	2
205	1134	2
216	1134	2
227	1134	2
230	1134	2
279	1134	2
332	1134	2
340	1134	2
351	1134	2
385	1134	2
399	1134	2
463	1134	2
534	1134	2
548	1134	2
552	1134	2
604	1134	2
610	1134	2
658	1134	2
659	1134	2
664	1134	2
704	1134	2
722	1134	2
725	1134	2
745	1134	2
792	1134	2
833	1134	2
875	1134	2
894	1134	2
930	1134	2
960	1134	2
966	1134	2
975	1134	2
998	1134	2
1031	1134	2
1063	1134	2
18	1135	2
29	1135	2
38	1135	2
54	1135	2
55	1135	2
77	1135	2
106	1135	2
111	1135	2
113	1135	2
116	1135	2
128	1135	2
134	1135	2
138	1135	2
141	1135	2
144	1135	2
159	1135	2
166	1135	2
180	1135	2
205	1135	2
216	1135	2
227	1135	2
230	1135	2
230	1135	2
279	1135	2
304	1135	2
332	1135	2
340	1135	2
351	1135	2
365	1135	2
372	1135	2
381	1135	2
385	1135	2
386	1135	2
399	1135	2
463	1135	2
466	1135	2
490	1135	2
534	1135	2
548	1135	2
552	1135	2
604	1135	2
608	1135	2
610	1135	2
625	1135	2
658	1135	2
664	1135	2
722	1135	2
725	1135	2
745	1135	2
792	1135	2
833	1135	2
875	1135	2
894	1135	2
930	1135	2
960	1135	2
966	1135	2
975	1135	2
998	1135	2
1031	1135	2
1063	1135	2
20	1138	2
66	1138	2
133	1138	2
198	1138	2
218	1138	2
227	1138	2
251	1138	2
266	1138	2
273	1138	2
601	1138	2
610	1138	2
630	1138	2
640	1138	2
647	1138	2
650	1138	2
688	1138	2
711	1138	2
743	1138	2
798	1138	2
844	1138	2
908	1138	2
59	1139	2
257	1139	2
512	1139	2
596	1139	2
23	1142	2
75	1142	2
295	1142	2
383	1142	2
657	1142	2
728	1142	2
23	1143	2
75	1143	2
126	1143	2
295	1143	2
383	1143	2
728	1143	2
1000	1143	2
826	1144	2
911	1146	2
826	1147	2
826	1149	2
55	1159	2
77	1159	2
106	1159	2
111	1159	2
113	1159	2
116	1159	2
128	1159	2
134	1159	2
138	1159	2
141	1159	2
144	1159	2
159	1159	2
166	1159	2
180	1159	2
194	1159	2
205	1159	2
216	1159	2
227	1159	2
230	1159	2
279	1159	2
332	1159	2
340	1159	2
343	1159	2
351	1159	2
381	1159	2
385	1159	2
399	1159	2
463	1159	2
534	1159	2
548	1159	2
552	1159	2
557	1159	2
604	1159	2
608	1159	2
610	1159	2
658	1159	2
659	1159	2
664	1159	2
703	1159	2
704	1159	2
722	1159	2
725	1159	2
745	1159	2
833	1159	2
875	1159	2
894	1159	2
905	1159	2
930	1159	2
960	1159	2
966	1159	2
975	1159	2
998	1159	2
1031	1159	2
1063	1159	2
28	1166	2
358	1166	2
841	1166	2
978	1173	2
980	1173	2
981	1173	2
1006	1173	2
1010	1173	2
1024	1173	2
1033	1173	2
1078	1173	2
55	1174	2
90	1174	2
106	1174	2
113	1174	2
120	1174	2
128	1174	2
179	1174	2
180	1174	2
227	1174	2
230	1174	2
230	1174	2
263	1174	2
266	1174	2
279	1174	2
298	1174	2
301	1174	2
316	1174	2
321	1174	2
325	1174	2
341	1174	2
346	1174	2
396	1174	2
446	1174	2
458	1174	2
463	1174	2
601	1174	2
604	1174	2
610	1174	2
615	1174	2
625	1174	2
638	1174	2
658	1174	2
664	1174	2
679	1174	2
688	1174	2
722	1174	2
763	1174	2
765	1174	2
797	1174	2
810	1174	2
830	1174	2
833	1174	2
840	1174	2
844	1174	2
939	1174	2
975	1174	2
976	1174	2
1005	1174	2
1063	1174	2
1070	1174	2
90	1175	2
106	1175	2
120	1175	2
179	1175	2
180	1175	2
227	1175	2
230	1175	2
263	1175	2
266	1175	2
279	1175	2
301	1175	2
316	1175	2
325	1175	2
446	1175	2
458	1175	2
463	1175	2
601	1175	2
604	1175	2
610	1175	2
615	1175	2
658	1175	2
722	1175	2
830	1175	2
833	1175	2
840	1175	2
939	1175	2
975	1175	2
976	1175	2
1005	1175	2
1070	1175	2
54	1179	2
55	1179	2
79	1179	2
106	1179	2
113	1179	2
117	1179	2
128	1179	2
132	1179	2
151	1179	2
162	1179	2
166	1179	2
178	1179	2
180	1179	2
227	1179	2
230	1179	2
242	1179	2
298	1179	2
336	1179	2
341	1179	2
346	1179	2
348	1179	2
352	1179	2
354	1179	2
363	1179	2
399	1179	2
454	1179	2
463	1179	2
473	1179	2
482	1179	2
485	1179	2
495	1179	2
552	1179	2
554	1179	2
557	1179	2
563	1179	2
581	1179	2
584	1179	2
604	1179	2
607	1179	2
610	1179	2
623	1179	2
625	1179	2
626	1179	2
658	1179	2
663	1179	2
664	1179	2
722	1179	2
761	1179	2
765	1179	2
790	1179	2
810	1179	2
829	1179	2
830	1179	2
833	1179	2
844	1179	2
850	1179	2
903	1179	2
904	1179	2
905	1179	2
943	1179	2
945	1179	2
975	1179	2
1021	1179	2
1023	1179	2
1031	1179	2
1040	1179	2
1042	1179	2
55	1180	2
113	1180	2
128	1180	2
346	1180	2
664	1180	2
679	1180	2
833	1180	2
1012	1180	2
1070	1180	2
55	1181	2
113	1181	2
128	1181	2
230	1181	2
664	1181	2
711	1181	2
833	1181	2
844	1181	2
1012	1181	2
1070	1181	2
1012	1182	2
1070	1182	2
113	1183	2
128	1183	2
227	1183	2
230	1183	2
341	1183	2
346	1183	2
478	1183	2
604	1183	2
658	1183	2
664	1183	2
679	1183	2
711	1183	2
759	1183	2
760	1183	2
762	1183	2
763	1183	2
810	1183	2
833	1183	2
844	1183	2
912	1183	2
975	1183	2
994	1183	2
1012	1183	2
1070	1183	2
55	1184	2
113	1184	2
128	1184	2
664	1184	2
1012	1184	2
1070	1184	2
113	1185	2
230	1185	2
262	1185	2
382	1185	2
604	1185	2
829	1185	2
833	1185	2
844	1185	2
1012	1185	2
1070	1185	2
55	1186	2
56	1186	2
106	1186	2
113	1186	2
128	1186	2
180	1186	2
230	1186	2
354	1186	2
463	1186	2
638	1186	2
658	1186	2
664	1186	2
810	1186	2
830	1186	2
844	1186	2
851	1186	2
912	1186	2
1012	1186	2
1070	1186	2
889	1187	2
889	1188	2
1041	1194	2
528	1204	2
911	1214	2
978	1214	2
980	1214	2
981	1214	2
1006	1214	2
1010	1214	2
1024	1214	2
1033	1214	2
1078	1214	2
855	1217	2
55	1218	2
113	1218	2
128	1218	2
143	1218	2
152	1218	2
199	1218	2
210	1218	2
227	1218	2
230	1218	2
280	1218	2
346	1218	2
396	1218	2
410	1218	2
462	1218	2
549	1218	2
552	1218	2
577	1218	2
604	1218	2
658	1218	2
661	1218	2
664	1218	2
679	1218	2
722	1218	2
734	1218	2
760	1218	2
762	1218	2
763	1218	2
764	1218	2
765	1218	2
791	1218	2
810	1218	2
830	1218	2
844	1218	2
851	1218	2
912	1218	2
939	1218	2
946	1218	2
983	1218	2
984	1218	2
1005	1218	2
55	1219	2
106	1219	2
113	1219	2
128	1219	2
132	1219	2
152	1219	2
166	1219	2
180	1219	2
227	1219	2
230	1219	2
298	1219	2
346	1219	2
354	1219	2
382	1219	2
457	1219	2
462	1219	2
552	1219	2
604	1219	2
610	1219	2
658	1219	2
664	1219	2
679	1219	2
722	1219	2
760	1219	2
762	1219	2
763	1219	2
764	1219	2
765	1219	2
791	1219	2
807	1219	2
810	1219	2
829	1219	2
830	1219	2
833	1219	2
844	1219	2
851	1219	2
912	1219	2
945	1219	2
973	1219	2
975	1219	2
983	1219	2
1012	1219	2
1070	1219	2
55	1220	2
113	1220	2
113	1220	2
124	1220	2
128	1220	2
152	1220	2
210	1220	2
230	1220	2
262	1220	2
280	1220	2
346	1220	2
410	1220	2
549	1220	2
658	1220	2
664	1220	2
679	1220	2
722	1220	2
756	1220	2
762	1220	2
763	1220	2
764	1220	2
765	1220	2
810	1220	2
844	1220	2
1005	1220	2
55	1221	2
113	1221	2
113	1221	2
262	1221	2
658	1221	2
664	1221	2
722	1221	2
765	1221	2
55	1222	2
113	1222	2
128	1222	2
143	1222	2
230	1222	2
346	1222	2
577	1222	2
658	1222	2
664	1222	2
679	1222	2
722	1222	2
810	1222	2
844	1222	2
851	1222	2
983	1222	2
55	1223	2
113	1223	2
128	1223	2
230	1223	2
346	1223	2
638	1223	2
658	1223	2
664	1223	2
679	1223	2
722	1223	2
807	1223	2
810	1223	2
844	1223	2
939	1223	2
1005	1223	2
55	1224	2
112	1224	2
113	1224	2
128	1224	2
132	1224	2
135	1224	2
230	1224	2
343	1224	2
357	1224	2
432	1224	2
443	1224	2
536	1224	2
637	1224	2
664	1224	2
954	1224	2
1008	1224	2
1012	1224	2
1046	1224	2
1070	1224	2
55	1225	2
106	1225	2
113	1225	2
128	1225	2
230	1225	2
664	1225	2
810	1225	2
844	1225	2
1012	1225	2
1070	1225	2
55	1226	2
56	1226	2
106	1226	2
113	1226	2
128	1226	2
132	1226	2
227	1226	2
230	1226	2
230	1226	2
298	1226	2
316	1226	2
346	1226	2
380	1226	2
458	1226	2
463	1226	2
601	1226	2
604	1226	2
658	1226	2
664	1226	2
679	1226	2
722	1226	2
756	1226	2
765	1226	2
795	1226	2
830	1226	2
833	1226	2
844	1226	2
975	1226	2
976	1226	2
994	1226	2
1005	1226	2
1012	1226	2
1070	1226	2
55	1227	2
56	1227	2
113	1227	2
128	1227	2
227	1227	2
230	1227	2
346	1227	2
380	1227	2
458	1227	2
463	1227	2
601	1227	2
604	1227	2
658	1227	2
664	1227	2
679	1227	2
722	1227	2
795	1227	2
821	1227	2
830	1227	2
833	1227	2
844	1227	2
975	1227	2
976	1227	2
1012	1227	2
1070	1227	2
55	1228	2
56	1228	2
113	1228	2
128	1228	2
227	1228	2
230	1228	2
380	1228	2
458	1228	2
463	1228	2
601	1228	2
604	1228	2
658	1228	2
664	1228	2
722	1228	2
795	1228	2
810	1228	2
830	1228	2
833	1228	2
844	1228	2
912	1228	2
973	1228	2
975	1228	2
976	1228	2
1012	1228	2
1070	1228	2
55	1229	2
106	1229	2
113	1229	2
116	1229	2
128	1229	2
134	1229	2
141	1229	2
159	1229	2
180	1229	2
205	1229	2
227	1229	2
230	1229	2
279	1229	2
332	1229	2
340	1229	2
351	1229	2
385	1229	2
399	1229	2
463	1229	2
534	1229	2
552	1229	2
604	1229	2
610	1229	2
658	1229	2
664	1229	2
722	1229	2
745	1229	2
875	1229	2
894	1229	2
930	1229	2
960	1229	2
966	1229	2
975	1229	2
1031	1229	2
1063	1229	2
55	1230	2
106	1230	2
113	1230	2
116	1230	2
128	1230	2
134	1230	2
180	1230	2
205	1230	2
227	1230	2
230	1230	2
279	1230	2
332	1230	2
340	1230	2
351	1230	2
399	1230	2
463	1230	2
534	1230	2
552	1230	2
604	1230	2
610	1230	2
658	1230	2
664	1230	2
722	1230	2
745	1230	2
875	1230	2
930	1230	2
960	1230	2
975	1230	2
1031	1230	2
309	1233	2
428	1233	2
470	1233	2
837	1233	2
853	1233	2
956	1233	2
1043	1233	2
309	1235	2
61	1236	2
157	1236	2
207	1236	2
293	1236	2
302	1236	2
597	1236	2
719	1236	2
737	1236	2
788	1236	2
965	1236	2
972	1236	2
1043	1236	2
1056	1236	2
394	1245	2
987	1245	2
988	1245	2
990	1245	2
987	1246	2
394	1247	2
985	1247	2
987	1247	2
988	1247	2
990	1247	2
394	1248	2
967	1248	2
985	1248	2
987	1248	2
988	1248	2
990	1248	2
113	1249	2
209	1249	2
259	1249	2
354	1249	2
417	1249	2
459	1249	2
466	1249	2
552	1249	2
604	1249	2
844	1249	2
906	1249	2
71	1251	2
842	1253	2
842	1254	2
75	1256	2
393	1256	2
865	1257	2
865	1258	2
177	1262	2
300	1262	2
623	1262	2
624	1262	2
177	1263	2
300	1263	2
472	1263	2
536	1263	2
624	1263	2
177	1264	2
210	1264	2
300	1264	2
472	1264	2
536	1264	2
624	1264	2
177	1265	2
300	1265	2
624	1265	2
177	1266	2
300	1266	2
623	1266	2
624	1266	2
300	1267	2
623	1267	2
624	1267	2
85	1269	2
398	1270	2
737	1270	2
1043	1270	2
394	1276	2
987	1276	2
988	1276	2
990	1276	2
103	1298	2
223	1298	2
675	1298	2
1051	1298	2
277	1301	2
865	1304	2
113	1305	2
128	1305	2
580	1306	2
227	1307	2
251	1307	2
908	1307	2
269	1312	2
987	1317	2
126	1320	2
1060	1324	2
396	1325	2
157	1326	2
132	1328	2
871	1328	2
987	1330	2
988	1330	2
394	1339	2
985	1339	2
987	1339	2
988	1339	2
990	1339	2
394	1340	2
987	1340	2
988	1340	2
990	1340	2
394	1341	2
987	1341	2
988	1341	2
990	1341	2
145	1342	2
157	1342	2
261	1342	2
322	1342	2
525	1342	2
719	1342	2
936	1343	2
936	1344	2
147	1345	2
147	1346	2
860	1346	2
922	1346	2
147	1347	2
860	1347	2
147	1348	2
277	1348	2
673	1348	2
860	1348	2
147	1349	2
277	1349	2
673	1349	2
801	1349	2
860	1349	2
950	1354	2
157	1355	2
157	1356	2
1043	1357	2
832	1359	2
987	1359	2
989	1359	2
163	1362	2
842	1369	2
172	1371	2
232	1372	2
232	1373	2
176	1377	2
897	1377	2
188	1383	2
236	1383	2
260	1383	2
727	1383	2
954	1386	2
835	1387	2
954	1387	2
1006	1387	2
200	1388	2
200	1389	2
214	1392	2
244	1408	2
854	1408	2
941	1408	2
244	1409	2
854	1409	2
941	1409	2
1039	1433	2
277	1442	2
277	1443	2
860	1443	2
277	1444	2
657	1453	2
1059	1453	2
300	1459	2
307	1461	2
805	1461	2
952	1461	2
860	1462	2
333	1473	2
333	1474	2
757	1477	2
1039	1479	2
371	1481	2
622	1481	2
622	1481	2
994	1481	2
995	1481	2
371	1482	2
622	1482	2
622	1482	2
866	1482	2
363	1486	2
363	1487	2
527	1487	2
527	1489	2
369	1491	2
369	1492	2
374	1499	2
374	1500	2
374	1503	2
374	1504	2
377	1521	2
377	1522	2
387	1524	2
409	1539	2
624	1539	2
709	1539	2
409	1540	2
624	1540	2
709	1540	2
423	1547	2
431	1552	2
519	1552	2
1038	1554	2
1012	1557	2
1070	1557	2
770	1566	2
508	1580	2
992	1594	2
527	1598	2
531	1603	2
889	1606	2
889	1608	2
572	1626	2
916	1626	2
574	1628	2
581	1632	2
620	1646	2
634	1649	2
634	1650	2
643	1653	2
644	1654	2
887	1654	2
654	1657	2
673	1660	2
675	1667	2
686	1670	2
727	1677	2
911	1679	2
757	1688	2
1006	1689	2
1052	1693	2
1065	1693	2
778	1697	2
784	1698	2
786	1699	2
800	1701	2
935	1704	2
819	1705	2
846	1713	2
955	1725	2
922	1726	2
926	1727	2
949	1732	2
1050	1736	2
1050	1737	2
992	1747	2
1009	1750	2
1015	1751	2
1015	1752	2
1027	1754	2
1039	1757	2
1052	1760	2
1065	1760	2
1060	1818	2
1065	1824	2
723	1082	13
308	1093	13
308	1094	13
308	1095	13
308	1096	13
308	1097	13
308	1098	13
308	1099	13
308	1100	13
308	1101	13
308	1102	13
308	1103	13
416	1160	13
416	1161	13
191	1173	13
836	1213	13
226	1233	13
782	1233	13
837	1233	13
954	1387	13
979	1392	13
269	1431	13
400	1536	13
1001	1552	13
954	1554	13
519	1586	13
520	1589	13
520	1591	13
520	1592	13
520	1593	13
542	1610	13
979	1610	13
979	1611	13
723	1676	13
1007	1727	13
954	1734	13
132	1085	7
152	1085	7
177	1085	7
230	1106	7
230	1107	7
230	1108	7
230	1109	7
230	1110	7
230	1111	7
230	1112	7
230	1113	7
230	1114	7
230	1115	7
230	1116	7
230	1117	7
230	1118	7
230	1119	7
230	1120	7
230	1121	7
56	1123	7
106	1123	7
132	1123	7
152	1123	7
341	1123	7
106	1128	7
132	1129	7
152	1129	7
106	1130	7
180	1130	7
463	1130	7
610	1130	7
152	1134	7
177	1134	7
341	1134	7
35	1135	7
152	1135	7
177	1135	7
341	1135	7
56	1138	7
106	1138	7
132	1138	7
341	1138	7
152	1159	7
177	1159	7
341	1159	7
130	1165	7
35	1174	7
56	1174	7
132	1174	7
132	1174	7
152	1174	7
56	1175	7
132	1175	7
338	1175	7
35	1179	7
152	1179	7
106	1180	7
152	1180	7
341	1180	7
106	1181	7
152	1181	7
830	1182	7
152	1183	7
497	1183	7
610	1183	7
152	1184	7
132	1185	7
830	1185	7
132	1186	7
152	1186	7
497	1186	7
589	1193	7
668	1204	7
83	1217	7
132	1217	7
152	1217	7
230	1217	7
830	1217	7
132	1218	7
180	1218	7
463	1218	7
610	1218	7
463	1219	7
132	1220	7
152	1220	7
180	1220	7
341	1220	7
830	1220	7
132	1221	7
152	1221	7
152	1221	7
180	1221	7
341	1221	7
830	1221	7
152	1222	7
830	1222	7
152	1223	7
152	1224	7
341	1224	7
152	1225	7
180	1225	7
227	1225	7
604	1225	7
830	1225	7
152	1226	7
179	1226	7
610	1226	7
152	1227	7
179	1227	7
283	1227	7
464	1227	7
521	1227	7
610	1227	7
132	1228	7
152	1228	7
610	1228	7
152	1229	7
177	1229	7
341	1229	7
152	1230	7
177	1230	7
341	1230	7
528	1236	7
152	1249	7
536	1262	7
129	1270	7
885	1270	7
890	1282	7
106	1305	7
152	1305	7
230	1305	7
604	1305	7
830	1305	7
227	1306	7
106	1307	7
341	1307	7
362	1323	7
157	1357	7
890	1399	7
631	1490	7
739	1490	7
408	1538	7
542	1612	7
979	1612	7
773	1693	7
1062	1799	7
13	1106	3
45	1106	3
71	1106	3
84	1106	3
150	1106	3
300	1106	3
403	1106	3
438	1106	3
642	1106	3
970	1106	3
13	1107	3
45	1107	3
71	1107	3
84	1107	3
150	1107	3
300	1107	3
403	1107	3
438	1107	3
642	1107	3
970	1107	3
13	1108	3
45	1108	3
71	1108	3
84	1108	3
150	1108	3
300	1108	3
403	1108	3
438	1108	3
642	1108	3
970	1108	3
13	1109	3
45	1109	3
71	1109	3
84	1109	3
150	1109	3
300	1109	3
403	1109	3
438	1109	3
642	1109	3
970	1109	3
13	1110	3
45	1110	3
71	1110	3
84	1110	3
150	1110	3
300	1110	3
403	1110	3
438	1110	3
642	1110	3
970	1110	3
13	1111	3
45	1111	3
71	1111	3
84	1111	3
150	1111	3
300	1111	3
403	1111	3
438	1111	3
642	1111	3
970	1111	3
13	1112	3
45	1112	3
71	1112	3
84	1112	3
150	1112	3
300	1112	3
403	1112	3
438	1112	3
642	1112	3
970	1112	3
13	1113	3
45	1113	3
71	1113	3
84	1113	3
150	1113	3
300	1113	3
403	1113	3
438	1113	3
642	1113	3
970	1113	3
13	1114	3
45	1114	3
71	1114	3
84	1114	3
150	1114	3
300	1114	3
403	1114	3
438	1114	3
642	1114	3
970	1114	3
13	1115	3
45	1115	3
71	1115	3
84	1115	3
150	1115	3
300	1115	3
403	1115	3
438	1115	3
642	1115	3
970	1115	3
13	1116	3
45	1116	3
71	1116	3
84	1116	3
150	1116	3
300	1116	3
403	1116	3
438	1116	3
642	1116	3
970	1116	3
13	1117	3
45	1117	3
71	1117	3
84	1117	3
150	1117	3
300	1117	3
403	1117	3
438	1117	3
642	1117	3
970	1117	3
13	1118	3
45	1118	3
71	1118	3
84	1118	3
150	1118	3
300	1118	3
403	1118	3
438	1118	3
642	1118	3
970	1118	3
13	1119	3
45	1119	3
71	1119	3
84	1119	3
150	1119	3
300	1119	3
403	1119	3
438	1119	3
642	1119	3
970	1119	3
13	1120	3
45	1120	3
71	1120	3
84	1120	3
150	1120	3
300	1120	3
403	1120	3
438	1120	3
642	1120	3
970	1120	3
13	1121	3
45	1121	3
71	1121	3
84	1121	3
150	1121	3
300	1121	3
403	1121	3
438	1121	3
642	1121	3
970	1121	3
45	1106	8
150	1106	8
160	1106	8
233	1106	8
403	1106	8
409	1106	8
438	1106	8
624	1106	8
636	1106	8
709	1106	8
746	1106	8
45	1107	8
233	1107	8
403	1107	8
409	1107	8
438	1107	8
636	1107	8
709	1107	8
746	1107	8
45	1108	8
233	1108	8
403	1108	8
409	1108	8
438	1108	8
636	1108	8
709	1108	8
746	1108	8
45	1109	8
403	1109	8
409	1109	8
438	1109	8
709	1109	8
746	1109	8
45	1110	8
233	1110	8
403	1110	8
409	1110	8
438	1110	8
636	1110	8
709	1110	8
746	1110	8
45	1111	8
403	1111	8
409	1111	8
438	1111	8
709	1111	8
746	1111	8
45	1112	8
233	1112	8
403	1112	8
438	1112	8
746	1112	8
45	1113	8
233	1113	8
403	1113	8
438	1113	8
746	1113	8
45	1114	8
233	1114	8
403	1114	8
438	1114	8
746	1114	8
45	1115	8
233	1115	8
403	1115	8
438	1115	8
746	1115	8
45	1116	8
233	1116	8
403	1116	8
438	1116	8
746	1116	8
45	1117	8
233	1117	8
403	1117	8
438	1117	8
746	1117	8
45	1118	8
233	1118	8
403	1118	8
438	1118	8
746	1118	8
45	1119	8
233	1119	8
403	1119	8
438	1119	8
746	1119	8
45	1120	8
233	1120	8
403	1120	8
438	1120	8
746	1120	8
45	1121	8
403	1121	8
438	1121	8
746	1121	8
45	1197	8
233	1197	8
403	1197	8
438	1197	8
746	1197	8
45	1198	8
233	1198	8
403	1198	8
438	1198	8
746	1198	8
115	1316	8
375	1519	8
914	1552	8
455	1569	8
954	1735	8
845	1127	11
83	1133	11
845	1162	11
830	1183	11
401	1191	11
519	1191	11
401	1193	11
519	1193	11
1070	1218	11
1070	1222	11
991	1245	11
991	1246	11
991	1247	11
991	1248	11
106	1249	11
845	1258	11
83	1262	11
83	1263	11
83	1264	11
83	1265	11
83	1266	11
83	1267	11
991	1276	11
991	1317	11
991	1339	11
991	1340	11
991	1341	11
991	1359	11
621	1129	5
789	1129	5
19	1137	5
254	1137	5
567	1144	5
567	1147	5
567	1148	5
567	1149	5
455	1191	5
588	1191	5
123	1192	5
41	1193	5
44	1196	5
51	1212	5
123	1214	5
620	1216	5
497	1217	5
91	1274	5
110	1315	5
167	1366	5
620	1420	5
620	1430	5
293	1457	5
349	1479	5
509	1519	5
387	1526	5
605	1527	5
394	1532	5
394	1533	5
414	1546	5
523	1594	5
524	1595	5
539	1609	5
542	1611	5
542	1613	5
542	1614	5
550	1617	5
620	1617	5
605	1642	5
620	1647	5
744	1683	5
155	1130	9
57	1137	9
354	1174	9
552	1174	9
155	1180	9
155	1181	9
155	1183	9
155	1185	9
47	1202	9
155	1219	9
155	1220	9
155	1221	9
354	1226	9
155	1227	9
155	1228	9
128	1325	9
588	1365	9
1079	1431	9
293	1458	9
333	1475	9
1079	1605	9
831	1133	10
954	1142	10
777	1169	10
777	1170	10
777	1172	10
180	1183	10
75	1195	10
657	1195	10
211	1204	10
356	1204	10
409	1204	10
603	1204	10
624	1204	10
1076	1204	10
109	1215	10
542	1215	10
954	1215	10
979	1215	10
97	1244	10
966	1246	10
831	1262	10
831	1263	10
831	1264	10
831	1266	10
885	1270	10
97	1276	10
97	1277	10
252	1313	10
542	1313	10
966	1317	10
966	1359	10
258	1422	10
831	1479	10
769	1532	10
1048	1552	10
982	1586	10
715	1610	10
769	1689	10
954	1689	10
971	1689	10
23	1142	6
23	1143	6
277	1349	6
673	1445	6
491	1575	6
491	1576	6
673	1659	6
673	1661	6
673	1664	6
673	1665	6
777	1215	12
777	1313	12
163	1361	12
813	1462	12
497	1531	12
831	1710	12
917	1724	12