3659		
1218	1739	2
1124	1283	1
325	1341	2
201	1383	0
1015	1385	2
894	1348	2
1147	1433	12
124	1287	1
485	1469	0
697	1355	0
509	1406	0
25	1317	0
77	1389	1
1095	1260	2
485	1462	0
504	1260	2
170	1238	7
1228	1523	11
580	1616	0
750	1305	2
1150	1240	0
921	1321	2
175	1412	0
1137	1369	0
433	1626	0
1095	1345	2
1084	1900	1
251	1353	2
1138	1342	2
618	1809	2
146	1337	1
148	1278	7
322	1312	0
1129	1312	0
164	1530	2
710	1321	2
405	1380	0
786	1525	2
796	1724	4
406	1679	0
303	1400	0
795	1242	1
982	1431	2
845	1663	0
129	1341	2
125	1270	0
1118	1345	2
216	1569	0
485	1468	0
93	1433	11
1160	1765	1
109	1452	0
561	1401	0
761	1418	0
1228	1410	11
75	1407	0
373	1381	1
331	1342	1
316	1305	1
621	1384	2
621	1324	0
515	1343	1
800	1418	0
456	1366	0
567	1648	0
388	1328	2
148	1384	0
558	1241	0
1046	1472	0
59	1382	0
360	1345	1
528	1370	1
163	1242	1
585	1413	0
1147	1432	12
537	1713	12
145	1440	7
164	1529	2
370	1385	1
949	1383	2
1203	2008	0
288	1384	1
594	1473	0
1208	1260	2
530	1260	2
159	1521	0
770	1721	2
71	1404	0
410	1380	0
1095	1350	2
170	1336	7
894	1386	2
420	1708	5
1181	1440	1
146	1350	1
289	1455	0
384	1348	2
513	1341	2
847	1306	0
27	1323	0
146	1349	1
711	1259	2
201	1259	2
291	1518	0
252	1580	0
968	1284	0
775	1327	0
372	1249	2
76	1362	0
77	1351	1
681	1291	2
1086	1261	1
265	1278	0
249	1354	0
1003	1335	0
296	1612	0
166	1410	0
337	1396	1
143	1260	2
1076	1528	0
126	1278	2
764	1259	2
485	1464	0
689	1249	2
173	1349	1
911	1465	0
662	1284	0
1015	1739	1
1068	1390	2
584	1795	5
1038	1623	0
762	1321	2
33	1336	1
1165	1583	0
421	1291	1
156	1518	0
140	1305	2
647	1381	1
176	1284	0
326	1249	2
906	1388	1
656	1341	2
10	1243	1
774	1345	2
1039	1392	2
61	1321	2
919	1431	10
780	1573	7
243	1331	1
935	1384	2
358	1335	0
584	1486	10
425	1396	1
1151	1433	11
78	1410	0
170	1388	7
628	1308	0
955	1887	0
814	1291	2
1041	1532	0
342	1242	1
254	1350	2
924	1877	2
203	1380	0
1048	1336	2
265	1267	0
327	1435	2
771	1247	2
61	1393	2
753	1550	0
444	1722	2
251	1259	2
898	1457	0
962	1349	1
1090	1385	2
842	1345	2
375	1349	2
630	1410	0
245	1451	0
1098	1350	2
463	1240	0
246	1508	0
828	1474	0
791	1350	2
118	1343	7
473	1735	1
690	1336	1
263	1587	0
573	1760	0
1203	2007	0
328	1324	0
69	1401	0
233	1386	2
940	1316	0
40	1356	0
170	1284	7
1218	1342	2
362	1567	4
336	1253	13
836	1341	2
1211	1597	0
1026	1370	1
380	1383	0
201	1341	2
148	1348	7
960	1664	2
201	1386	7
971	1351	1
1138	1391	2
57	1376	0
710	1345	2
288	1386	2
584	1381	10
162	1450	0
175	1490	0
1108	1349	1
720	1663	0
1123	1955	1
243	1334	1
1146	1399	1
1197	1269	2
301	1618	4
685	1365	0
254	1345	2
348	1386	1
1196	1239	1
686	1396	1
1151	1431	11
617	1237	0
74	1278	2
799	1419	0
673	1663	2
806	1282	0
909	1904	0
935	1348	2
214	1335	13
1151	1435	11
142	1500	0
1174	1337	1
202	1329	1
635	1772	4
402	1389	2
924	1361	0
1140	1438	2
254	1261	7
1129	1307	0
591	1260	2
726	1851	0
543	1382	0
589	1355	0
356	1369	0
243	1333	1
62	1285	2
1095	1392	2
485	1742	0
1020	1428	1
593	1801	5
828	1473	0
1088	1399	2
842	1336	2
962	1337	1
1203	2023	0
1088	1440	1
670	1664	0
1076	1533	0
484	1282	0
1095	1341	2
402	1285	2
1188	1732	10
402	1321	2
674	1430	2
597	1748	1
126	1291	0
1108	1351	1
406	1688	0
694	1265	2
175	1410	0
697	1354	0
652	1284	0
182	1442	1
1113	1450	2
130	1451	0
675	1246	2
430	1362	0
698	1286	2
63	1291	7
639	1359	0
170	1341	7
632	1815	0
586	1800	0
112	1467	0
833	1659	2
1017	1871	2
112	1441	0
876	1350	2
251	1349	2
25	1320	0
742	1291	1
63	1345	1
702	1278	2
170	1414	7
907	1772	0
784	1381	1
501	1348	2
315	1486	1
37	1260	7
264	1380	0
328	1337	2
443	1720	7
1139	1880	0
1098	1336	2
349	1350	1
265	1264	0
683	1834	4
155	1259	2
321	1369	0
78	1411	0
786	1440	1
1203	1488	0
911	1282	0
124	1390	2
187	1366	0
1110	1522	2
125	1261	0
895	1345	1
511	1362	0
1190	1937	2
265	1286	0
225	1492	0
177	1321	2
1131	1337	2
682	1573	7
265	1273	0
57	1377	0
456	1417	0
916	1345	1
789	1380	0
518	1345	2
739	1858	1
690	1386	1
473	1734	1
708	1242	2
659	1238	0
759	1553	0
304	1620	0
785	1500	0
791	1341	2
791	1386	2
527	1587	0
125	1349	2
171	1260	1
625	1238	0
671	1612	5
1017	1380	2
325	1336	2
452	1414	2
1138	1345	2
422	1710	0
861	1419	0
716	1345	1
794	1259	2
112	1459	0
375	1384	2
148	1386	7
809	1282	0
716	1391	2
1048	1384	2
861	1449	0
61	1343	2
728	1855	0
716	1341	2
918	1345	11
1168	1583	0
935	1341	2
710	1285	2
1104	1768	10
1197	1274	2
175	1411	0
648	1321	2
1111	1410	2
1039	1321	2
21	1278	2
175	1450	0
68	1397	1
1059	1929	2
1083	1387	1
1019	1328	0
386	1282	0
360	1386	1
254	1321	2
546	1343	1
296	1611	0
881	1898	2
540	1335	0
1111	1524	2
337	1644	0
183	1418	0
28	1325	0
25	1306	0
100	1441	0
23	1294	0
906	1350	2
1081	1283	1
952	1532	0
710	1386	2
738	1373	0
855	1380	0
125	1321	2
341	1647	0
393	1667	2
146	1327	7
25	1306	0
433	1718	13
1193	1369	2
900	1310	0
270	1550	0
360	1343	1
1132	1335	2
939	1353	1
580	1617	0
1175	1794	0
1036	1925	0
265	1392	0
935	1285	2
604	1573	0
472	1257	0
80	1416	2
910	1509	1
1113	1412	2
613	1254	2
1105	1618	1
348	1343	1
1162	1969	2
634	1358	5
403	1677	0
1007	1341	2
716	1389	2
975	1412	0
420	1707	0
569	1370	2
880	1557	0
579	1792	0
792	1399	1
865	1895	2
125	1347	2
485	1741	0
77	1285	1
25	1318	0
506	1260	2
791	1384	2
550	1700	5
389	1449	0
624	1811	0
125	1276	0
1083	1386	1
207	1354	0
1086	1276	1
259	1582	0
306	1259	2
524	1356	0
818	1321	2
112	1469	0
484	1452	0
987	1790	2
75	1406	0
369	1392	2
954	1623	0
899	1291	1
202	1332	1
216	1417	0
297	1366	0
149	1278	2
726	1852	6
889	1435	0
726	1853	6
643	1399	2
1197	1267	2
1204	1499	2
1142	1776	1
866	1292	0
198	1433	2
412	1333	1
437	1337	1
269	1591	4
667	1356	0
1041	1530	0
705	1843	0
375	1341	2
314	1402	0
924	1888	0
94	1436	0
1218	1337	2
251	1337	2
1075	1259	2
444	1721	2
813	1415	0
416	1316	0
348	1345	1
493	1358	5
143	1341	2
427	1450	2
143	1385	2
28	1326	0
265	1265	0
198	1430	2
1045	1527	2
561	1772	0
118	1479	7
1142	1959	1
222	1384	2
137	1260	2
112	1415	0
1218	1346	2
175	1440	1
709	1633	2
1218	1348	2
343	1649	0
1215	1765	1
90	1238	0
596	1392	2
767	1452	0
102	1443	0
569	1292	0
341	1502	2
779	1842	0
1110	1450	2
872	1385	2
778	1794	10
711	1249	2
768	1240	0
982	1432	2
1180	1341	2
410	1662	0
690	1336	2
121	1484	0
390	1666	0
200	1350	7
429	1501	2
774	1278	1
954	1530	0
471	1441	0
20	1289	0
799	1418	0
185	1285	2
170	1479	7
1081	1392	2
1220	1435	0
418	1260	2
1117	1349	1
1203	1923	0
187	1550	0
649	1350	2
957	1914	0
1176	1261	2
1219	1291	1
1146	1507	0
239	1283	1
464	1396	2
911	1468	0
1038	1526	0
890	1389	2
665	1383	0
788	1335	0
675	1430	2
160	1384	2
932	1419	2
418	1392	2
546	1342	1
710	1336	2
578	1430	7
1203	1922	0
265	1270	0
179	1544	0
794	1321	2
493	1314	0
90	1383	0
1209	1512	1
921	1351	2
143	1259	2
1203	1999	0
44	1358	0
1117	1652	1
367	1337	7
1214	1281	0
834	1481	1
671	1829	2
1129	1314	0
544	1288	0
1170	1670	12
487	1381	1
299	1336	1
265	1259	0
1102	1380	2
265	1387	0
1115	1413	11
170	1346	7
677	1341	2
976	1399	1
726	1849	6
758	1449	0
596	1414	2
1096	1349	2
92	1242	1
1203	2017	0
710	1350	2
578	1390	2
254	1267	7
664	1573	0
935	1351	2
771	1246	2
485	1745	0
12	1251	1
125	1386	2
328	1412	0
248	1579	0
894	1385	2
671	1828	0
146	1351	1
143	1390	2
224	1240	0
716	1387	2
265	1385	0
560	1358	11
447	1725	0
178	1273	1
170	1342	7
609	1441	0
457	1291	1
306	1409	0
1163	1970	1
1159	1324	1
785	1456	0
905	1306	0
631	1254	2
1105	1952	1
918	1349	2
370	1238	0
148	1390	2
125	1387	2
1203	1994	0
265	1276	0
792	1396	1
283	1292	2
791	1260	2
128	1321	2
1041	1849	0
429	1626	0
501	1336	2
746	1278	2
456	1367	0
39	1350	1
894	1391	2
1133	1832	13
703	1507	0
544	1513	0
462	1369	0
105	1445	0
491	1342	1
1047	1284	0
978	1335	0
844	1385	2
859	1894	0
1228	1522	11
230	1399	2
25	1307	0
485	1664	0
704	1257	0
265	1463	0
360	1347	1
710	1384	2
554	1556	0
94	1437	0
1222	1242	1
1094	1262	1
46	1284	1
974	1349	1
3	1236	1
982	1434	2
848	1885	1
254	1284	0
206	1335	0
874	1327	0
447	1238	0
1147	1434	12
402	1385	2
1050	1589	2
919	1432	10
818	1260	2
65	1395	0
709	1304	2
63	1385	1
144	1505	2
410	1241	0
792	1800	0
1203	1912	0
113	1345	1
548	1441	0
1203	1528	0
972	1259	1
370	1345	2
21	1291	2
375	1350	1
307	1384	2
1220	1867	0
971	1349	1
239	1250	2
81	1418	0
239	1246	2
57	1373	0
160	1388	2
759	1474	0
80	1261	1
202	1562	1
63	1347	1
254	1259	2
148	1387	7
456	1365	0
1190	1938	0
360	1385	1
1203	1623	0
1177	1614	2
149	1291	2
968	1238	0
274	1259	7
148	1388	0
1203	1533	0
445	1386	2
485	1470	0
429	1336	2
19	1260	2
533	1333	4
294	1583	0
954	1623	2
227	1369	0
1203	1991	0
143	1343	2
743	1278	1
735	1250	1
504	1414	2
897	1642	12
519	1380	0
19	1285	2
254	1389	2
1203	1992	0
918	1350	2
1203	1987	0
381	1393	2
406	1696	0
1176	1274	2
330	1640	1
96	1438	0
935	1336	2
784	1486	1
288	1349	4
179	1443	0
1095	1321	2
239	1287	1
118	1478	0
1081	1490	10
249	1355	0
427	1522	2
449	1727	5
354	1337	2
416	1304	2
1092	1949	13
716	1387	1
118	1336	2
170	1387	7
337	1643	0
754	1366	0
1218	1350	2
384	1341	2
652	1285	2
911	1466	0
423	1317	0
659	1345	7
630	1409	0
201	1422	0
308	1399	1
536	1758	0
675	1370	10
399	1366	0
1105	1534	1
447	1278	1
687	1683	0
477	1287	1
259	1584	0
519	1335	0
237	1573	0
1060	1538	2
274	1411	0
125	1346	2
1038	1848	0
878	1325	0
595	1381	1
307	1386	2
659	1284	0
425	1440	1
907	1472	0
239	1480	1
734	1534	0
858	1381	12
151	1393	2
37	1285	2
152	1390	2
1197	1270	2
381	1427	0
485	1463	0
312	1371	0
343	1648	0
306	1307	0
25	1309	0
1141	1472	0
143	1386	2
1203	2026	0
162	1522	0
838	1345	2
710	1260	2
1055	1238	0
236	1558	1
370	1341	2
652	1321	2
1087	1885	1
560	1604	0
1166	1440	2
1135	1957	0
918	1238	0
410	1382	0
596	1393	2
893	1333	1
1185	1283	2
1176	1264	2
713	1384	2
386	1370	10
1043	1335	0
720	1664	0
459	1242	1
600	1604	0
694	1261	2
450	1335	0
170	1387	7
77	1386	1
348	1342	1
812	1380	0
921	1259	2
890	1385	2
1142	1958	1
911	1462	0
733	1385	2
406	1687	0
1081	1944	0
969	1392	2
716	1388	2
954	1529	0
265	1271	0
918	1344	7
132	1336	2
451	1322	13
791	1285	2
835	1481	1
487	1359	0
1203	1849	0
34	1338	0
447	1724	0
1197	1275	2
1125	1291	1
112	1379	0
288	1389	1
1115	1522	11
716	1384	1
1068	1385	1
29	1327	0
1203	2019	0
1094	1273	1
175	1525	2
265	1262	0
712	1250	2
265	1265	0
352	1417	0
1203	1913	0
125	1260	2
1148	1365	0
851	1887	0
148	1349	2
217	1321	2
733	1389	2
939	1351	1
500	1384	2
1113	1523	2
569	1324	0
189	1419	0
254	1336	2
842	1384	2
1138	1343	2
12	1255	1
1010	1341	2
301	1615	0
918	1383	7
144	1504	2
435	1242	1
1115	1410	11
975	1410	0
436	1358	11
931	1328	2
143	1384	2
1198	1711	0
966	1235	2
125	1393	2
381	1259	2
1110	1410	2
503	1353	1
926	1639	0
1091	1948	10
1197	1266	2
1203	2021	0
280	1290	5
128	1259	2
1213	1592	0
39	1352	0
733	1285	2
666	1324	0
148	1348	0
265	1393	0
608	1392	1
745	1683	2
932	1418	0
632	1808	0
679	1580	0
86	1321	2
427	1410	2
293	1278	2
80	1367	0
952	1529	0
125	1414	2
831	1881	0
791	1387	2
183	1548	0
1138	1347	2
512	1432	2
1110	1513	2
600	1802	0
895	1348	1
774	1291	2
1081	1410	0
838	1384	2
522	1341	2
12	1249	1
1138	1349	2
772	1866	0
841	1384	2
898	1876	0
911	1379	0
426	1633	0
254	1388	2
457	1278	2
406	1698	0
1070	1345	1
889	1238	0
941	1287	2
1170	1669	12
1005	1553	0
124	1288	2
710	1337	2
1203	2000	0
716	1349	2
350	1336	2
1228	1542	11
771	1721	2
891	1415	0
807	1314	0
938	1316	0
710	1388	2
1028	1242	2
848	1714	10
164	1527	0
496	1350	2
652	1345	2
337	1398	1
201	1324	0
982	1435	2
144	1506	2
1160	1626	1
537	1384	1
370	1285	2
391	1521	0
965	1509	2
175	1524	0
431	1440	2
155	1321	2
988	1456	7
681	1282	0
538	1556	0
986	1341	2
144	1502	1
1035	1832	2
652	1351	2
143	1285	2
963	1233	0
828	1553	0
858	1331	10
636	1415	0
1058	1248	1
1207	1625	0
311	1424	0
1208	1392	2
485	1663	0
251	1291	2
1153	1495	7
47	1237	0
1156	1380	2
254	1266	7
756	1862	0
145	1507	0
300	1278	2
717	1510	1
1086	1268	1
57	1374	0
148	1384	7
947	1589	2
10	1244	1
288	1388	1
375	1285	2
412	1332	1
854	1891	0
1108	1337	1
383	1282	0
859	1551	0
1203	1645	0
1153	1910	7
561	1771	13
175	1451	0
652	1259	2
170	1351	7
559	1402	0
112	1470	0
710	1341	2
743	1291	1
935	1349	2
709	1361	10
1140	1954	2
1077	1534	0
865	1233	0
265	1262	0
852	1728	1
1095	1351	2
86	1260	2
251	1284	0
1227	1380	0
429	1384	2
1068	1935	13
684	1291	1
201	1321	2
39	1278	2
444	1246	2
1220	2040	7
1181	1396	1
316	1421	1
1115	1523	11
112	1462	0
439	1557	0
415	1663	0
593	1353	1
173	1389	1
1160	1965	12
61	1350	2
384	1414	2
157	1356	0
659	1516	0
81	1419	0
408	1701	0
919	1434	10
1038	1529	0
1013	1353	2
331	1343	1
370	1259	7
125	1390	2
274	1321	7
1207	1856	0
437	1278	1
360	1350	1
1217	2038	7
108	1331	1
667	1355	0
526	1753	0
6	1239	2
767	1721	2
1075	1321	2
888	1641	2
710	1385	2
415	1557	0
673	1663	2
63	1337	7
254	1261	2
87	1424	0
982	1288	2
514	1344	1
958	1529	0
278	1486	10
1197	1271	2
336	1251	13
683	1833	0
982	1430	2
63	1386	1
1148	1367	0
671	1382	5
404	1260	2
1096	1341	2
1038	1531	0
529	1354	0
121	1482	0
927	1396	1
652	1260	2
1108	1522	2
125	1343	2
275	1597	0
1034	1803	0
625	1480	2
526	1754	0
831	1882	0
370	1387	7
1041	1928	0
200	1455	0
1176	1269	2
118	1476	1
916	1385	2
1156	1335	2
170	1348	7
981	1335	0
247	1472	2
814	1278	2
1181	1235	2
160	1417	0
1132	1380	2
406	1586	0
1212	1233	0
629	1238	0
1199	1977	0
181	1546	2
1005	1473	0
883	1803	0
284	1604	10
572	1781	0
205	1564	0
611	1311	5
485	1379	0
568	1779	2
1054	1388	1
710	1393	2
1072	1756	1
1006	1825	0
201	1284	0
890	1389	1
274	1543	0
2	1235	2
402	1337	2
251	1350	2
1203	1993	0
359	1553	0
1184	1973	0
121	1335	0
415	1238	0
962	1350	1
955	1876	0
686	1836	2
291	1608	0
876	1353	1
480	1573	0
1081	1412	0
734	1622	0
235	1283	1
1197	1263	2
958	1528	0
921	1345	2
906	1345	1
370	1393	7
1118	1349	2
577	1486	1
327	1430	2
193	1339	0
148	1336	7
716	1343	2
468	1390	2
239	1249	2
173	1388	1
665	1254	2
1218	1347	2
337	1398	2
882	1625	0
239	1284	0
689	1390	2
652	1384	2
118	1337	2
416	1306	0
953	1756	1
1203	1471	0
59	1381	1
125	1353	0
254	1262	7
447	1291	1
1086	1265	1
1108	1412	2
590	1362	0
26	1260	1
727	1854	1
467	1731	0
576	1321	2
433	1542	0
118	1342	7
918	1337	2
1203	1853	0
953	1285	2
1203	2030	0
170	1383	7
923	1571	2
114	1335	0
154	1365	0
1155	1341	2
1132	1571	2
1022	1239	2
1101	1796	7
125	1350	2
527	1309	0
1167	1260	2
585	1409	0
1039	1393	2
128	1393	2
30	1328	2
791	1351	2
270	1367	0
561	1683	0
669	1763	0
932	1418	2
1203	2004	0
447	1336	1
1185	1287	2
729	1472	2
844	1386	2
1051	1292	0
109	1451	10
944	1911	0
413	1336	0
1084	1945	1
98	1286	1
816	1875	5
38	1348	1
361	1260	2
154	1412	0
311	1630	0
671	1830	5
327	1639	2
572	1783	2
32	1332	1
954	1532	0
288	1342	1
272	1282	0
1203	2029	0
480	1738	0
125	1262	0
175	1242	2
118	1341	2
70	1402	0
740	1335	0
281	1238	0
1066	1930	0
345	1337	2
1218	1336	2
756	1861	0
993	1260	2
839	1341	2
922	1910	1
537	1387	1
1164	1286	1
289	1336	2
136	1386	2
1203	1864	0
802	1335	0
183	1420	0
889	1434	0
254	1343	2
291	1517	0
1048	1385	4
254	1479	7
476	1288	2
239	1238	0
993	1392	2
611	1485	1
521	1381	1
369	1321	2
666	1336	2
801	1406	0
716	1392	2
786	1399	2
125	1384	1
512	1431	2
1122	1260	2
1203	1990	0
279	1337	1
104	1362	0
1041	1847	0
286	1567	2
419	1260	2
1203	1316	0
1182	1972	4
1114	1497	1
659	1321	2
175	1413	0
928	1803	0
987	1355	2
234	1370	10
919	1430	10
726	1847	6
1025	1237	0
818	1392	2
675	1435	2
158	1260	2
274	1341	2
606	1788	0
413	1349	2
640	1776	0
1203	1916	0
871	1341	2
848	1715	0
423	1316	0
918	1347	7
125	1273	0
188	1552	0
634	1366	0
63	1342	1
331	1344	1
254	1270	7
596	1321	2
447	1726	0
202	1330	1
175	1523	0
646	1595	0
485	1594	0
336	1247	13
818	1393	2
744	1336	2
375	1336	2
426	1304	0
847	1310	0
187	1365	0
846	1335	0
659	1341	2
485	1746	0
336	1249	13
281	1383	0
1203	1475	0
618	1808	0
713	1739	1
228	1259	2
360	1389	1
485	1367	0
772	1864	0
327	1434	2
957	1915	0
873	1260	2
594	1362	0
419	1249	2
1197	1272	2
1073	1938	0
1071	1396	1
246	1443	0
1212	2036	0
1203	1948	0
649	1337	2
256	1557	0
716	1386	2
954	1532	2
1106	1385	2
855	1830	0
508	1556	0
1125	1305	2
1067	1931	0
1111	1523	2
1030	1924	7
77	1345	1
424	1712	0
170	1385	2
251	1321	2
1203	1382	0
841	1345	2
935	1385	2
195	1558	1
998	1380	0
666	1455	0
545	1356	0
217	1249	2
66	1292	2
125	1267	0
93	1288	11
410	1335	0
1203	1983	0
1207	1948	7
1129	1316	0
218	1349	1
291	1607	0
985	1336	1
125	1351	2
1129	1313	0
999	1561	2
553	1763	0
710	1392	2
1067	1881	0
870	1284	5
27	1316	0
1005	1474	0
534	1353	1
1176	1262	2
916	1384	1
116	1474	0
584	1794	13
975	1514	0
148	1386	0
673	1663	0
979	1402	0
403	1676	0
906	1389	1
817	1277	1
930	1336	2
1168	1665	0
112	1457	0
633	1411	0
889	1288	0
239	1288	2
585	1451	0
185	1385	2
1067	1932	0
900	1311	0
965	1341	1
148	1286	1
204	1259	2
1147	1430	12
261	1521	0
406	1684	2
109	1454	0
515	1344	1
185	1259	2
797	1305	2
1199	1976	0
406	1683	0
61	1346	2
964	1560	0
1078	1291	1
895	1342	1
514	1343	1
1197	1276	2
128	1260	2
1192	1889	2
847	1309	0
734	1623	0
190	1371	0
572	1782	0
167	1263	1
758	1447	0
841	1386	2
239	1256	2
575	1282	0
316	1633	1
572	1780	0
328	1358	0
611	1442	1
1057	1338	0
265	1336	0
436	1359	11
77	1349	1
283	1292	0
254	1351	2
118	1321	2
1028	1440	13
123	1259	2
957	1625	0
19	1259	2
1203	1644	0
787	1573	0
1054	1285	2
416	1309	0
82	1239	2
1128	1549	1
1170	1966	12
406	1693	0
287	1525	2
562	1349	1
1013	1291	2
92	1429	1
324	1396	1
1218	1384	11
26	1321	1
448	1286	1
265	1273	0
50	1340	0
596	1259	2
712	1256	4
62	1344	7
1207	1472	0
254	1348	2
141	1498	4
378	1341	2
1095	1284	0
984	1309	0
982	1433	2
1039	1260	2
180	1341	2
406	1699	0
1170	1626	1
89	1425	0
939	1496	0
1076	1927	0
273	1249	2
1045	1526	2
1199	1975	0
1203	1476	0
148	1341	2
455	1282	2
626	1341	2
170	1259	7
264	1335	0
69	1400	0
498	1752	0
780	1868	0
1203	2022	0
125	1392	2
649	1349	2
16	1279	0
241	1240	0
288	1347	2
1138	1390	2
1129	1318	0
759	1449	0
582	1242	1
403	1674	0
765	1249	2
653	1824	5
480	1340	0
1082	1413	2
796	1869	2
1041	1912	0
433	1287	1
288	1387	2
1203	2015	0
1095	1349	2
574	1787	0
416	1705	0
713	1557	0
693	1356	0
1068	1345	1
716	1384	2
306	1337	2
256	1557	2
824	1447	0
325	1238	0
203	1335	0
274	1413	0
231	1335	0
118	1393	2
322	1318	0
170	1350	7
710	1348	2
274	1387	7
1203	2012	0
1041	1625	0
710	1387	2
1169	1335	2
428	1716	0
447	1602	0
755	1751	0
1070	1390	2
80	1365	0
36	1340	0
709	1314	0
348	1344	1
372	1321	2
1225	1549	1
695	1840	2
63	1387	1
26	1259	1
166	1413	0
575	1324	0
125	1386	2
57	1375	0
201	1336	2
1077	1912	0
888	1900	1
1181	1399	2
1055	1341	2
1218	1385	2
112	1460	0
716	1390	2
348	1336	1
426	1306	0
934	1305	1
716	1351	2
118	1385	2
1201	1937	0
220	1354	0
254	1275	7
156	1519	0
1201	1938	0
601	1341	2
718	1486	1
348	1349	1
99	1441	0
181	1545	12
1081	1551	0
318	1595	0
975	1409	0
1218	1351	2
287	1440	1
910	1414	1
884	1899	0
450	1380	0
791	1321	2
191	1356	0
1203	1984	0
162	1410	0
4	1237	0
919	1908	12
265	1264	0
390	1665	0
151	1260	2
501	1337	2
296	1335	0
661	1354	0
93	1431	11
125	1263	0
162	1413	0
254	1347	2
84	1316	0
406	1681	2
24	1298	4
12	1258	0
742	1278	1
501	1351	2
1176	1271	2
652	1336	2
121	1483	0
143	1393	2
699	1278	2
875	1897	0
1203	2001	0
687	1838	0
291	1610	0
370	1353	7
121	1380	0
370	1390	7
847	1311	0
444	1370	10
980	1440	7
679	1356	0
291	1606	0
61	1385	2
154	1409	0
60	1341	2
344	1650	0
849	1886	0
842	1385	2
895	1285	1
531	1757	6
750	1304	2
1228	1524	11
758	1419	0
398	1356	0
201	1423	0
674	1434	2
41	1260	2
710	1351	2
198	1238	7
135	1352	5
579	1791	0
716	1348	2
1228	1450	11
162	1512	1
39	1291	2
265	1268	0
642	1292	2
80	1417	0
726	1848	2
97	1440	1
63	1384	1
913	1311	2
292	1242	1
162	1523	0
674	1441	0
353	1369	0
1220	1432	0
328	1410	0
38	1347	1
117	1343	1
251	1345	2
327	1431	2
564	1549	5
15	1278	2
871	1411	0
55	1370	1
43	1291	1
690	1349	1
125	1272	0
336	1252	13
754	1340	0
690	1388	1
451	1323	13
874	1384	0
665	1441	0
190	1438	0
259	1540	0
265	1386	0
537	1238	0
764	1321	2
1040	1399	0
871	1543	0
1190	1937	0
1177	1662	2
1052	1341	2
952	1534	0
348	1350	1
611	1309	5
574	1785	0
1207	1530	0
1194	1809	0
467	1730	0
277	1291	2
467	1340	0
240	1259	2
93	1383	7
1203	1809	0
167	1262	1
161	1321	2
431	1242	2
894	1388	2
593	1278	1
185	1260	2
379	1282	0
1115	1524	11
776	1350	1
1220	1433	0
1203	1534	0
763	1249	2
198	1383	0
12	1246	1
861	1492	0
295	1440	1
803	1873	0
251	1285	2
175	1514	0
161	1288	2
146	1291	1
935	1391	2
716	1346	2
348	1350	1
367	1336	1
606	1804	0
602	1512	1
489	1749	0
560	1359	11
865	1844	1
169	1341	2
485	1366	0
920	1543	1
61	1345	1
77	1342	1
495	1385	2
842	1386	2
93	1434	11
889	1433	0
1105	1779	0
715	1341	2
58	1379	0
1129	1310	0
410	1704	2
369	1393	2
832	1349	2
201	1384	7
514	1345	1
1027	1922	0
78	1412	0
96	1439	2
685	1741	0
38	1346	1
361	1284	0
970	1327	0
164	1532	2
349	1349	1
1129	1308	0
325	1345	1
239	1577	0
760	1418	0
894	1389	2
1203	2025	0
642	1370	1
337	1645	0
584	1380	0
1203	1926	0
758	1420	0
61	1387	2
983	1841	2
143	1346	2
256	1556	2
924	1361	2
1111	1413	2
770	1722	2
106	1419	0
12	1257	0
1203	1633	2
86	1423	0
502	1351	1
143	1321	2
561	1775	13
935	1278	2
818	1259	2
201	1393	2
749	1400	0
460	1239	2
1095	1259	2
924	1877	0
679	1500	0
201	1385	2
1199	1980	0
987	1354	2
696	1841	2
660	1292	0
370	1321	7
305	1399	1
1070	1343	1
171	1249	1
844	1336	2
381	1392	2
784	1511	1
77	1387	1
306	1260	2
1136	1335	2
356	1654	0
726	1850	0
202	1333	1
503	1278	1
910	1341	1
826	1380	0
328	1524	0
1185	1286	2
1232	1911	0
561	1241	0
1081	1321	2
150	1328	1
1171	1510	1
251	1336	2
1098	1349	2
1136	1380	2
1086	1274	1
86	1324	0
570	1239	2
1160	1967	12
158	1321	2
433	1286	1
716	1285	2
117	1349	1
1218	1391	2
991	1242	1
336	1248	13
919	1662	10
52	1284	0
1203	1622	0
254	1336	2
359	1362	0
791	1393	2
170	1391	7
175	1522	0
291	1519	0
328	1450	0
175	1541	7
722	1846	0
1197	1273	2
996	1900	1
72	1314	0
164	1531	2
339	1406	0
969	1393	2
150	1511	1
381	1260	2
1216	1355	0
223	1425	0
829	1362	0
228	1393	2
119	1242	1
710	1346	4
1207	2033	0
529	1355	0
1174	1349	1
1174	1350	1
947	1590	2
1094	1261	1
649	1817	0
774	1291	1
859	1894	2
154	1514	0
369	1259	2
566	1750	4
254	1386	2
1203	1985	0
375	1345	2
978	1380	0
1105	1724	0
1212	1868	0
476	1736	1
501	1259	2
218	1350	1
250	1396	13
83	1324	0
1086	1267	1
1129	1317	0
319	1441	0
946	1396	2
954	1531	2
1197	1265	2
649	1772	4
1218	1343	2
659	1385	2
723	1359	0
1081	1941	0
982	1283	1
330	1235	1
1105	1531	1
354	1336	2
922	1495	1
1129	1319	0
1176	1263	2
911	1415	0
488	1288	2
916	1341	2
1129	1309	0
134	1491	0
861	1418	0
243	1329	1
579	1792	0
981	1380	0
61	1392	2
675	1722	2
143	1479	2
651	1823	0
1095	1336	2
711	1321	2
316	1304	1
946	1396	1
342	1525	1
733	1341	1
1203	1986	0
681	1324	0
863	1396	13
197	1400	0
1094	1263	1
93	1432	11
654	1366	0
1206	1327	0
147	1508	0
935	1388	2
997	1283	2
1086	1262	1
151	1321	2
118	1423	0
359	1473	0
501	1392	2
402	1341	2
360	1285	1
906	1386	1
939	1337	1
916	1388	1
684	1278	1
1039	1259	2
918	1388	7
941	1286	2
1170	1965	12
38	1344	1
125	1285	2
63	1386	1
686	1837	2
1111	1513	2
1181	1396	2
166	1409	0
336	1254	13
1068	1715	1
112	1465	0
561	1773	13
198	1431	2
102	1444	5
289	1454	0
63	1349	2
602	1237	0
1138	1350	2
1122	1321	2
905	1309	0
265	1275	0
1160	1966	12
596	1384	2
616	1753	0
118	1353	7
1231	1370	1
485	1415	0
714	1386	1
916	1345	1
63	1285	1
1086	1270	1
1064	1283	2
349	1351	1
1041	1927	0
629	1284	0
1203	1998	0
690	1348	2
233	1384	2
225	1473	0
125	1271	0
581	1793	5
1203	1241	0
980	1440	10
61	1336	2
1095	1337	2
862	1398	1
144	1503	5
666	1337	2
763	1321	2
750	1309	0
591	1321	2
251	1260	2
1107	1384	2
1068	1885	10
369	1260	2
714	1384	1
265	1304	0
1203	1937	0
1174	1351	1
759	1419	0
784	1370	1
757	1418	0
961	1345	1
42	1357	0
113	1343	1
402	1336	2
67	1242	1
1191	1472	2
652	1337	2
1131	1384	2
1114	1920	1
158	1259	2
935	1291	2
776	1291	1
25	1304	6
79	1414	1
675	1721	2
62	1347	2
733	1350	2
714	1388	1
613	1250	2
327	1288	2
447	1284	0
123	1321	2
1110	1523	2
623	1278	1
544	1434	0
811	1440	1
484	1453	0
971	1350	1
1167	1321	2
1176	1265	2
659	1260	2
426	1421	2
74	1291	2
953	1757	1
566	1525	2
675	1433	2
687	1679	0
133	1490	0
751	1282	0
655	1825	0
1115	1412	11
81	1420	0
925	1755	0
262	1586	0
1203	1848	0
914	1905	0
221	1278	2
143	1392	2
1081	1940	0
733	1386	2
101	1337	2
1077	1849	0
200	1349	7
933	1728	2
413	1386	1
921	1337	2
561	1400	0
943	1385	2
328	1543	0
593	1291	1
502	1337	1
148	1284	0
1038	1926	0
713	1260	1
1090	1384	1
1133	1388	1
602	1803	0
1016	1313	0
691	1839	1
939	1336	1
212	1284	0
955	1457	0
312	1373	0
933	1236	2
290	1490	0
454	1291	1
537	1284	0
121	1487	0
1207	1923	0
501	1321	2
55	1292	0
1055	1238	2
496	1351	2
254	1276	7
783	1242	1
959	1478	2
507	1369	0
858	1334	10
25	1319	0
137	1341	2
675	1434	2
1096	1285	2
279	1351	1
170	1386	7
212	1238	0
1203	2002	0
1046	1856	0
894	1336	2
61	1384	2
265	1349	0
358	1380	0
711	1321	1
175	1507	2
1068	1736	13
1212	1597	0
614	1660	0
221	1324	0
957	1901	0
268	1590	2
165	1424	0
1229	1380	2
544	1432	0
625	1383	0
223	1425	2
38	1342	1
670	1663	0
1153	1963	7
174	1538	0
561	1774	13
735	1248	1
399	1573	4
254	1265	7
935	1386	2
168	1536	5
690	1347	1
1105	1951	1
1228	1413	11
554	1557	0
1053	1512	1
239	1286	1
921	1347	2
328	1522	0
832	1386	2
170	1386	2
170	1345	7
788	1380	0
551	1371	0
659	1336	2
578	1431	2
675	1247	2
254	1274	7
501	1393	2
650	1354	0
112	1282	0
111	1340	0
850	1748	2
851	1888	0
927	1396	2
403	1675	0
1036	1280	0
1043	1724	0
13	1259	1
106	1447	0
298	1473	0
958	1534	0
317	1237	0
1129	1306	0
164	1528	2
244	1550	0
337	1642	0
957	1916	0
485	1417	0
716	1388	1
303	1401	0
322	1310	0
1017	1920	1
451	1316	0
733	1384	2
565	1777	1
148	1347	7
426	1305	0
1044	1901	0
414	1260	2
939	1350	1
1218	1349	2
740	1380	0
458	1728	2
782	1352	4
1138	1351	2
154	1410	0
890	1345	1
1203	1569	0
879	1278	2
148	1351	7
596	1385	2
427	1412	2
895	1349	1
815	1558	1
278	1335	0
1142	1563	1
1130	1241	2
527	1316	0
265	1261	0
406	1685	2
920	1909	1
632	1814	0
630	1626	0
61	1391	2
333	1446	0
1203	1997	0
714	1389	1
177	1392	2
676	1284	0
898	1888	0
560	1358	0
538	1557	0
1187	1930	0
653	1709	5
465	1481	1
175	1540	2
254	1260	2
591	1259	2
549	1551	0
1036	1279	0
1086	1272	1
719	1249	1
61	1259	2
320	1399	2
345	1349	2
501	1350	2
797	1306	0
1081	1566	0
406	1690	0
1200	1982	0
189	1418	0
675	1288	2
363	1440	1
756	1418	0
220	1355	0
288	1345	1
766	1240	0
1044	1901	2
1176	1276	2
381	1321	2
1081	1411	10
894	1341	2
1174	1336	1
800	1447	0
201	1337	2
668	1314	0
900	1309	0
355	1287	1
267	1588	0
40	1354	0
796	1567	2
1226	2044	0
158	1392	2
576	1393	2
122	1488	5
485	1411	0
176	1238	0
320	1637	5
782	1359	5
402	1386	2
118	1345	0
262	1585	0
752	1860	0
623	1353	1
683	1478	5
238	1445	0
37	1336	7
1058	1252	1
1098	1337	2
125	1391	2
1029	1877	0
804	1874	0
109	1324	0
345	1336	2
921	1341	2
167	1265	1
627	1362	0
502	1336	1
942	1341	0
251	1385	2
375	1388	2
1228	1490	11
528	1396	1
757	1419	0
676	1341	2
652	1479	7
568	1670	2
118	1480	1
238	1574	2
811	1396	1
61	1341	2
1103	1335	2
1038	1527	0
649	1820	0
143	1336	2
619	1237	0
962	1336	1
860	1335	0
878	1336	2
1176	1266	2
608	1321	1
611	1510	1
1038	1625	0
748	1816	0
1151	1288	11
1012	1278	1
792	1235	13
700	1842	0
427	1523	2
690	1387	1
125	1291	0
673	1664	2
48	1362	5
935	1389	2
1108	1413	2
756	1447	0
763	1259	2
791	1389	2
586	1583	0
776	1351	1
1157	1335	0
318	1636	0
265	1260	0
1220	1721	0
221	1291	2
1116	1953	2
37	1341	7
812	1335	0
445	1384	2
32	1329	1
1027	1923	0
1203	2006	0
791	1336	2
895	1336	1
716	1350	2
254	1384	2
1111	1412	2
77	1385	1
1203	2009	0
952	1912	0
1023	1807	2
148	1509	2
341	1646	2
734	1531	0
676	1383	0
676	1336	2
32	1331	1
336	1256	13
73	1405	0
767	1282	0
1199	1978	0
1096	1238	2
265	1272	0
145	1396	4
927	1398	1
1203	1928	0
1203	1847	0
183	1419	0
1203	1527	0
1101	1335	0
671	1801	5
1000	1595	0
1147	1431	12
418	1321	2
1056	1384	2
1099	1442	1
756	1419	0
1217	2039	7
433	1283	1
652	1393	2
415	1260	1
148	1285	2
988	1580	7
360	1388	1
268	1589	2
291	1520	0
63	1389	1
1115	1411	11
1167	1392	2
950	1328	0
565	1776	5
118	1284	0
20	1290	5
196	1561	2
1220	1434	0
1115	1490	11
200	1337	2
589	1354	0
485	1467	0
51	1335	0
426	1309	0
1124	1286	1
1099	1671	1
1212	2035	0
89	1426	0
560	1770	0
1077	1926	0
543	1761	0
1167	1341	2
1195	1472	0
1192	1974	2
37	1238	0
496	1337	2
674	1435	2
1	1235	1
171	1321	1
198	1393	7
61	1342	2
91	1428	1
1098	1351	2
915	1906	1
1205	1931	0
413	1350	2
733	1388	2
352	1653	0
932	1419	0
757	1447	0
198	1434	2
198	1260	7
1113	1522	2
840	1341	2
537	1389	1
106	1418	0
1203	2005	0
399	1367	0
690	1285	1
918	1285	2
143	1342	2
405	1335	0
304	1475	2
900	1306	0
377	1339	0
919	1288	10
402	1260	2
954	1531	0
757	1449	0
607	1341	2
957	1847	0
357	1424	0
427	1714	5
217	1557	0
810	1573	7
734	1529	0
735	1247	1
1144	1962	0
716	1389	1
1202	1381	1
654	1417	0
239	1248	2
233	1385	4
265	1321	0
208	1566	0
84	1305	2
659	1350	7
690	1350	1
580	1370	1
1176	1267	2
837	1345	2
558	1381	1
1138	1739	2
624	1605	0
481	1390	2
501	1349	2
370	1260	7
651	1370	10
1208	1259	2
1101	1381	10
415	1384	1
712	1283	1
1205	2032	0
148	1284	7
125	1388	2
310	1349	1
1167	1393	2
60	1383	0
754	1550	0
492	1701	0
1113	1410	2
585	1410	0
496	1626	0
936	1423	11
918	1341	2
93	1430	11
1068	1304	10
885	1425	0
1218	1388	11
733	1336	2
173	1384	1
926	1379	13
205	1563	0
1041	1533	0
1076	1532	0
913	1306	2
118	1414	11
170	1278	7
1033	1526	0
306	1626	4
962	1351	1
650	1356	0
362	1656	2
427	1524	2
1203	2010	0
25	1310	0
531	1756	6
1177	1295	2
31	1260	2
1203	2018	0
474	1242	1
192	1555	2
360	1342	1
12	1253	1
1116	1549	2
61	1390	2
1079	1291	1
1170	1765	1
696	1703	0
680	1240	0
251	1384	2
420	1709	0
645	1242	1
68	1396	1
556	1765	1
1076	1534	0
254	1269	7
370	1336	2
918	1391	7
446	1701	0
1067	1933	0
1087	1885	10
77	1388	1
84	1361	10
624	1812	0
361	1238	0
1199	1241	0
563	1321	1
370	1386	7
654	1365	0
328	1523	0
201	1391	7
199	1341	2
113	1342	1
935	1347	2
1068	1571	13
328	1513	0
937	1597	2
1063	1641	2
943	1384	2
254	1272	7
566	1413	0
128	1392	2
889	1284	0
1203	2003	0
265	1269	0
118	1287	1
478	1369	0
1133	1283	1
125	1265	0
1203	2020	0
201	1392	2
959	1423	2
61	1386	2
1075	1393	2
370	1392	7
578	1432	2
281	1284	0
279	1349	1
175	1513	0
1200	1782	0
1089	1440	12
19	1286	1
467	1732	2
289	1337	2
445	1626	0
164	1533	0
266	1341	2
114	1471	0
491	1343	1
784	1334	1
197	1401	0
1138	1348	2
117	1342	1
457	1353	1
969	1259	2
616	1807	2
1151	1432	11
1151	1434	11
254	1337	2
596	1260	2
58	1282	0
652	1391	7
734	1528	0
265	1305	0
1000	1438	0
1121	1954	0
1151	1430	11
95	1261	1
201	1387	7
603	1628	0
982	1287	1
1086	1946	0
1095	1393	2
737	1674	0
164	1526	0
701	1473	0
630	1411	0
1210	1974	2
365	1341	2
794	1260	2
361	1259	2
969	1321	2
406	1680	2
1081	1543	10
216	1335	0
622	1438	0
1172	1922	0
998	1335	0
887	1341	2
904	1585	0
650	1355	0
628	1306	0
1220	1288	0
1203	1930	0
170	1389	7
652	1341	2
1090	1345	1
204	1260	2
153	1512	1
674	1288	2
396	1260	2
485	1747	0
40	1355	0
690	1385	1
1081	1450	0
544	1431	0
858	1332	10
328	1336	2
648	1249	2
485	1543	0
571	1665	0
146	1278	1
43	1278	1
488	1246	2
864	1354	0
976	1440	1
569	1257	0
867	1896	2
112	1463	0
560	1769	0
146	1353	1
905	1311	0
1090	1384	1
254	1263	7
499	1671	1
154	1516	0
131	1284	0
118	1348	2
537	1383	5
1218	1344	2
759	1420	0
1203	1988	0
1160	1669	12
1041	1623	0
725	1336	1
894	1384	2
566	1412	0
1009	1341	2
659	1337	2
1226	1593	0
490	1442	1
61	1388	2
661	1355	0
615	1573	0
726	1625	6
669	1827	0
406	1694	0
476	1737	1
39	1351	1
1081	1260	2
921	1336	2
1168	1971	0
537	1386	1
918	1386	7
211	1261	2
306	1393	2
598	1341	2
167	1277	1
1018	1351	2
676	1260	2
393	1668	2
469	1396	1
392	1498	7
19	1283	1
1143	1961	2
1070	1278	12
773	1396	1
635	1359	7
65	1394	0
911	1469	0
540	1380	0
703	1582	0
630	1412	0
196	1560	0
260	1567	2
437	1291	1
328	1542	0
1179	1360	2
175	1409	0
864	1355	0
939	1278	1
584	1732	0
184	1438	0
288	1343	1
355	1283	1
175	1515	0
1203	1530	0
25	1311	0
412	1330	1
327	1432	2
59	1380	0
673	1664	2
125	1259	2
361	1321	2
1131	1389	2
101	1336	2
78	1413	0
348	1385	1
1142	1233	1
63	1278	7
791	1259	2
1070	1238	0
482	1428	1
201	1285	7
954	1530	2
1170	1967	12
659	1351	7
265	1274	0
271	1595	0
139	1257	0
110	1456	0
975	1413	0
112	1464	0
251	1392	2
1058	1250	1
935	1345	2
88	1341	2
807	1306	0
415	1347	2
307	1626	0
447	1383	0
945	1803	0
352	1365	0
336	1255	13
652	1350	2
344	1240	0
247	1370	1
916	1388	1
569	1399	7
959	1422	2
954	1642	0
8	1241	0
735	1246	1
118	1238	0
335	1641	2
12	1256	1
61	1349	2
108	1332	1
403	1663	2
202	1331	1
588	1556	0
520	1349	1
53	1314	0
730	1242	1
1160	1670	12
109	1450	10
1106	1388	2
674	1284	0
733	1351	1
1062	1354	0
485	1744	0
1113	1524	2
1176	1272	2
906	1387	1
1176	1268	2
1203	2025	0
1077	1928	0
287	1242	1
206	1380	0
1014	1919	0
716	1345	2
1054	1480	1
851	1877	0
254	1268	7
278	1380	0
413	1351	2
790	1335	0
289	1324	0
444	1247	2
805	1384	2
362	1655	2
175	1539	2
882	1532	2
989	1885	1
1086	1271	1
496	1336	2
685	1417	0
774	1343	2
187	1551	5
764	1249	2
1102	1335	2
550	1443	0
760	1419	0
1008	1341	2
911	1467	0
497	1414	2
25	1305	2
212	1383	0
605	1243	1
566	1411	0
417	1550	0
939	1291	1
251	1351	2
61	1389	2
226	1572	0
77	1350	1
170	1393	7
242	1278	1
328	1490	0
1203	1914	0
62	1345	1
869	1399	2
361	1393	2
17	1281	0
448	1287	1
258	1242	1
166	1412	0
1164	1324	0
311	1628	0
1131	1385	1
25	1316	0
432	1341	2
1181	1541	2
118	1422	0
1132	1885	2
63	1387	1
406	1695	0
209	1335	0
265	1384	0
125	1264	0
323	1428	1
334	1359	0
855	1335	0
297	1367	0
798	1447	0
621	1626	0
1100	1335	2
932	1447	0
50	1366	0
348	1285	1
690	1345	1
1077	1530	0
304	1623	2
233	1432	2
336	1246	13
351	1525	2
80	1415	0
967	1238	0
231	1380	0
929	1238	0
769	1239	2
921	1342	2
347	1356	0
1026	1369	0
32	1330	1
921	1349	2
485	1365	0
535	1341	2
566	1410	0
143	1388	2
259	1581	0
215	1396	1
943	1348	2
756	1726	0
889	1430	0
56	1242	1
178	1269	1
1011	1414	2
716	1385	2
511	1447	0
1186	1390	2
318	1635	0
809	1626	0
63	1343	1
649	1324	0
1202	1486	1
288	1285	1
797	1304	2
571	1666	0
690	1343	1
1197	1268	2
11	1245	1
490	1485	1
690	1389	2
32	1335	0
896	1356	0
501	1284	0
440	1286	1
62	1385	2
982	1286	1
1229	1335	2
1216	1711	0
856	1340	0
373	1359	0
7	1240	0
1207	1922	0
25	1304	2
1002	1918	1
630	1413	0
713	1390	1
62	1343	7
652	1392	2
153	1282	0
125	1348	2
719	1557	0
125	1387	2
109	1455	0
902	1490	0
776	1336	1
1131	1336	2
393	1341	2
930	1337	2
427	1413	2
427	1286	1
876	1291	1
1176	1270	2
1032	1808	0
148	1336	7
576	1259	2
558	1335	0
610	1806	0
544	1409	0
194	1291	1
1205	1932	0
225	1553	0
754	1729	0
296	1380	0
97	1396	1
360	1351	1
63	1388	1
38	1343	1
665	1390	2
828	1863	0
702	1291	2
84	1314	0
547	1362	0
833	1883	2
348	1384	1
898	1361	0
202	1334	1
911	1470	0
1086	1275	1
649	1278	2
370	1383	0
116	1473	0
317	1360	0
862	1396	1
1111	1522	2
534	1291	1
1189	1526	0
601	1321	2
1203	1472	0
1142	1597	1
677	1831	0
251	1393	2
61	1348	2
479	1341	2
285	1414	2
360	1384	1
103	1369	0
143	1348	2
397	1556	0
935	1414	2
1086	1264	1
207	1355	0
848	1885	10
84	1309	0
192	1356	0
115	1472	2
503	1291	1
574	1788	0
60	1260	2
784	1331	1
125	1345	2
83	1356	0
1227	1888	0
844	1384	2
371	1481	1
955	1361	0
750	1361	10
1164	1480	1
400	1673	2
894	1345	2
434	1261	1
485	1653	0
162	1524	0
560	1732	2
322	1309	0
1110	1412	2
1203	2014	0
240	1321	2
1096	1385	2
710	1349	2
175	1542	0
1203	1526	0
311	1629	0
770	1246	2
585	1411	0
306	1412	0
176	1383	0
274	1393	7
485	1282	0
1203	2027	0
905	1310	0
16	1280	0
1071	1396	2
606	1805	0
393	1669	4
697	1356	0
518	1278	1
1	1234	1
108	1334	1
555	1637	0
1227	1335	0
296	1613	0
28	1324	0
18	1282	0
1146	1440	7
95	1350	1
808	1440	2
77	1347	1
194	1557	0
592	1386	2
1109	1450	1
291	1609	0
654	1653	0
552	1257	2
784	1332	1
254	1264	7
515	1342	1
659	1285	7
360	1501	1
1086	1266	1
406	1686	0
488	1384	1
124	1283	1
406	1692	0
603	1630	0
61	1285	2
736	1291	1
537	1345	7
484	1337	2
578	1288	2
437	1336	1
876	1278	2
360	1349	1
118	1286	1
59	1241	0
1075	1392	2
1189	1829	0
659	1349	7
329	1399	2
198	1259	7
348	1284	0
298	1474	0
259	1583	0
336	1557	0
109	1409	10
118	1291	7
33	1337	1
239	1576	1
1203	1850	0
1048	1337	2
414	1321	2
521	1239	2
322	1306	0
107	1396	1
537	1388	1
1077	1528	0
574	1786	0
1038	1534	0
1080	1399	2
1208	1321	2
1004	1521	0
1068	1570	2
496	1349	2
86	1259	2
415	1386	1
51	1241	0
280	1443	0
135	1380	5
483	1740	0
124	1254	2
1203	2013	0
274	1386	7
1157	1380	0
596	1626	0
447	1278	1
112	1468	0
25	1313	0
599	1371	0
952	1913	0
1018	1385	2
215	1398	1
747	1402	0
254	1349	2
156	1517	0
125	1389	2
254	1390	2
277	1353	2
1167	1259	2
918	1479	7
201	1348	2
1226	1370	10
143	1389	2
125	1269	0
440	1287	2
1017	1308	2
370	1278	7
666	1454	0
297	1365	0
1047	1238	0
683	1832	2
175	1543	0
84	1306	0
112	1466	0
939	1349	1
1134	1390	2
1038	1532	0
453	1489	0
584	1798	5
871	1490	0
415	1385	2
125	1479	2
1158	1964	4
692	1291	2
929	1283	1
1218	1390	2
1149	1511	1
9	1242	1
911	1464	0
824	1418	0
1115	1450	11
12	1247	1
754	1365	0
1112	1543	2
93	1435	11
1077	1533	0
293	1337	2
992	1235	2
154	1515	0
1081	1522	0
332	1260	2
57	1371	0
306	1410	0
265	1341	0
352	1367	0
1169	1380	2
921	1350	2
27	1322	0
716	1259	2
411	1239	2
1101	1380	0
170	1384	2
121	1486	1
853	1889	7
348	1387	1
265	1261	0
1110	1490	2
1138	1344	2
1110	1411	2
331	1345	1
279	1336	1
698	1283	1
304	1625	0
424	1713	0
143	1345	2
825	1770	0
254	1341	2
270	1366	0
1220	1832	0
304	1621	0
792	1640	13
403	1664	2
432	1392	2
1106	1384	2
121	1381	10
652	1238	0
1050	1590	2
560	1768	13
1073	1937	0
717	1845	5
254	1393	2
336	1250	13
1203	1624	0
117	1347	1
375	1351	1
1038	1533	0
200	1324	0
35	1339	0
293	1336	2
716	1321	2
549	1762	2
560	1767	0
370	1284	0
630	1478	0
225	1474	0
325	1285	1
789	1335	0
25	1308	0
544	1435	0
1173	1781	0
851	1361	0
716	1260	2
342	1399	1
125	1385	2
394	1242	1
807	1724	0
815	1559	1
1097	1381	10
118	1391	2
623	1291	1
402	1384	2
758	1548	0
288	1350	4
578	1384	1
994	1235	1
1083	1384	1
685	1366	0
402	1392	2
1197	1262	2
448	1283	1
1018	1348	2
148	1291	7
665	1288	2
1223	1472	0
733	1345	2
611	1310	5
974	1336	1
399	1594	0
613	1256	2
125	1342	2
464	1396	1
823	1879	0
658	1826	0
492	1341	2
683	1736	1
791	1385	2
792	1440	1
993	1259	2
929	1284	0
118	1285	7
997	1286	2
1203	1531	0
301	1616	0
918	1384	2
406	1697	0
12	1254	1
361	1392	2
252	1500	0
248	1578	0
57	1372	0
916	1347	2
470	1733	0
106	1449	0
304	1532	6
183	1547	0
243	1332	1
741	1859	2
1113	1413	2
1220	2042	0
918	1385	2
322	1305	2
1108	1350	1
587	1282	0
1067	1934	0
265	1266	0
918	1348	2
98	1283	1
1101	1794	13
544	1433	0
395	1485	1
75	1408	0
584	1796	7
22	1292	0
416	1305	2
652	1414	2
385	1664	0
1127	1732	13
835	1884	1
577	1370	1
26	1254	1
189	1548	0
1038	1475	0
249	1356	0
758	1547	0
270	1365	0
481	1739	1
19	1287	1
1115	1543	11
25	1315	0
721	1370	7
375	1389	2
387	1390	2
1018	1384	2
1145	1278	2
1081	1259	2
172	1381	1
228	1321	2
1016	1314	0
71	1403	0
490	1671	1
860	1704	0
844	1349	2
162	1412	0
311	1627	0
296	1485	2
162	1525	2
1072	1757	1
62	1346	7
118	1283	7
629	1341	2
954	1529	2
61	1260	2
1081	1939	0
265	1263	0
920	1543	2
251	1391	7
295	1396	1
186	1549	5
148	1383	7
359	1474	0
484	1324	0
517	1399	1
918	1286	1
568	1646	0
1001	1917	0
501	1385	7
1062	1355	0
1190	1938	2
447	1349	1
201	1345	10
440	1283	2
148	1238	7
1009	1321	2
534	1278	1
1129	1311	0
547	1553	0
420	1706	2
418	1259	2
349	1652	1
410	1702	0
573	1649	0
251	1238	0
879	1291	2
716	1342	2
675	1432	2
223	1426	2
952	1531	0
518	1291	1
656	1383	0
662	1383	0
657	1260	2
1101	1795	13
568	1668	2
1090	1345	1
1048	1341	4
154	1413	0
1049	1549	1
544	1304	1
657	1321	2
254	1383	7
406	1682	0
232	1414	2
432	1321	2
366	1240	0
1181	1242	2
935	1343	2
485	1465	0
277	1278	2
170	1343	7
254	1391	2
843	1385	2
1012	1291	1
466	1424	0
254	1260	2
59	1335	0
1018	1345	2
190	1554	0
1176	1736	2
652	1324	0
185	1321	2
634	1365	0
107	1440	1
1015	1345	1
1135	1957	2
1203	2011	0
649	1821	0
1045	1527	0
125	1275	0
484	1336	2
25	1312	0
955	1888	0
904	1903	2
641	1507	0
375	1342	2
791	1337	2
529	1356	0
1197	1261	2
45	1242	1
406	1678	0
993	1321	2
415	1285	2
50	1365	0
407	1443	0
63	1350	2
407	1544	0
735	1252	1
200	1454	0
508	1557	0
1119	1663	2
89	1427	0
106	1446	0
156	1520	0
1203	1856	0
1154	1583	0
170	1349	7
750	1314	0
651	1822	0
77	1384	1
410	1381	1
537	1348	7
1070	1348	2
139	1494	0
892	1396	2
409	1240	0
505	1556	0
845	1664	0
274	1490	0
219	1570	1
917	1855	0
903	1771	2
1220	1430	0
372	1390	2
674	1341	2
542	1760	0
382	1341	2
685	1367	0
1203	1996	0
690	1384	1
659	1392	2
1122	1259	2
771	1722	2
19	1284	0
25	1314	0
310	1350	7
830	1362	0
384	1385	2
120	1481	1
118	1392	2
296	1511	13
420	1648	0
969	1260	2
242	1291	2
38	1345	1
921	1260	2
872	1384	2
1197	1399	2
429	1717	0
501	1341	2
808	1399	2
1178	1341	2
706	1844	2
207	1356	0
170	1285	2
352	1366	0
566	1409	0
1176	1275	2
918	1351	2
777	1291	1
710	1389	2
175	1399	2
488	1250	2
854	1890	0
375	1385	2
1199	1981	0
911	1463	0
1218	1285	2
194	1336	1
770	1247	2
595	1359	0
222	1345	1
61	1351	2
410	1703	2
229	1406	0
681	1278	2
688	1277	1
1138	1346	2
995	1440	1
458	1236	2
694	1273	2
228	1392	2
778	1664	0
1203	1529	0
889	1431	0
441	1719	0
676	1238	0
878	1415	0
654	1367	0
1203	2016	0
774	1278	2
243	1330	1
442	1242	1
164	1534	0
39	1353	2
194	1349	1
732	1752	0
649	1336	2
1065	1548	0
585	1412	0
557	1242	1
516	1560	0
762	1249	2
143	1391	2
800	1419	0
412	1329	1
195	1559	1
477	1286	1
838	1385	2
626	1813	2
584	1797	5
304	1622	2
1048	1389	2
402	1259	2
340	1560	0
502	1349	1
148	1337	7
216	1366	0
274	1260	7
776	1353	1
112	1461	0
432	1393	2
579	1790	0
876	1351	2
304	1532	2
399	1365	0
279	1350	1
905	1314	0
374	1249	2
1228	1543	11
198	1432	2
118	1278	7
364	1658	4
913	1309	2
659	1259	2
733	1349	2
90	1284	0
724	1359	0
236	1559	1
368	1659	1
148	1387	0
375	1386	2
652	1347	2
525	1341	2
726	1532	2
12	1248	1
1203	2028	0
1221	1399	1
1100	1380	2
151	1259	2
44	1352	0
413	1387	1
1220	1431	0
977	1854	1
912	1665	0
1197	1264	2
1228	1412	11
198	1392	7
198	1284	0
1231	1486	1
274	1392	7
633	1278	2
517	1440	1
502	1350	7
918	1387	7
758	1418	0
476	1261	1
477	1283	1
1203	1989	0
510	1396	2
644	1339	0
641	1540	0
671	1602	5
406	1691	0
233	1388	4
1076	1529	0
1081	1942	0
85	1233	0
612	1327	0
951	1739	1
1147	1435	12
790	1380	0
501	1384	7
148	1385	2
1086	1273	1
125	1341	2
873	1259	2
1111	1450	2
886	1314	0
1220	2041	7
254	1285	2
39	1349	1
251	1480	7
707	1370	1
325	1385	2
576	1392	2
146	1496	0
288	1385	1
337	1396	2
973	1399	1
143	1351	2
201	1260	2
482	1442	1
618	1512	1
919	1382	0
325	1349	2
